shapeid	x	y
0	46.97699	7.05948
1	46.97247	7.05294
2	46.95886	7.02019
3	46.95889	7.02676
4	46.95891	7.03333
5	46.95898	7.05304
6	46.959	7.0596
7	46.95434	7.01366
8	46.95437	7.02023
9	46.9545	7.05964
10	46.94984	7.01369
11	46.94987	7.02026
12	46.94989	7.02683
13	46.94994	7.03996
14	46.95003	7.06624
15	46.95005	7.0728
16	46.94539	7.02686
17	46.94542	7.03343
18	46.94551	7.0597
19	46.94553	7.06627
20	46.94555	7.07283
21	46.94077	6.99406
22	46.9408	7.00063
23	46.94087	7.02033
24	46.94101	7.05973
25	46.93628	6.9941
26	46.93649	7.0532
27	46.93012	6.679
28	46.93192	7.03353
29	46.93195	7.0401
30	46.92723	6.98105
31	46.92733	7.00731
32	46.92736	7.01387
33	46.92743	7.03357
34	46.92745	7.04013
35	46.92091	6.64631
36	46.92262	6.95483
37	46.92265	6.96139
38	46.92271	6.97452
39	46.92273	6.98108
40	46.92283	7.00734
41	46.92288	7.02047
42	46.92291	7.02704
43	46.92293	7.0336
44	46.9165	6.6595
45	46.91659	6.67263
46	46.91813	6.95487
47	46.91815	6.96143
48	46.91834	7.00738
49	46.91836	7.01394
50	46.91838	7.02051
51	46.91841	7.02707
52	46.91205	6.66613
53	46.91368	6.96803
54	46.91386	7.01398
55	46.91389	7.02054
56	46.91391	7.0271
57	46.91411	7.08618
58	46.91413	7.09274
59	46.90797	6.73182
60	46.90919	6.96807
61	46.90929	6.99432
62	46.90959	7.07964
63	46.90963	7.09277
64	46.90452	6.92874
65	46.90455	6.9353
66	46.90458	6.94186
67	46.90477	6.9878
68	46.90479	6.99436
69	46.90501	7.05342
70	46.90505	7.06655
71	46.90507	7.07311
72	46.90509	7.07967
73	46.89906	6.74506
74	46.90027	6.98784
75	46.90064	7.09283
76	46.89359	6.60078
77	46.89456	6.74512
78	46.89555	6.93539
79	46.89558	6.94195
80	46.89572	6.97475
81	46.89577	6.98787
82	46.8896	6.67301
83	46.88977	6.69925
84	46.88982	6.70581
85	46.88994	6.72549
86	46.89006	6.74517
87	46.89091	6.90263
88	46.89106	6.93543
89	46.89109	6.94199
90	46.89122	6.97479
91	46.89125	6.98135
92	46.89128	6.98791
93	46.89149	7.04696
94	46.89151	7.05352
95	46.88556	6.74523
96	46.88641	6.90267
97	46.88644	6.90923
98	46.88662	6.94859
99	46.88664	6.95515
100	46.88673	6.97483
101	46.88675	6.98139
102	46.8868	6.99451
103	46.88688	7.01419
104	46.88697	7.04043
105	46.88699	7.04699
106	46.88708	7.07323
107	46.88712	7.08635
108	46.88095	6.72561
109	46.88212	6.94863
110	46.88223	6.97487
111	46.88228	6.98799
112	46.88236	7.00767
113	46.88243	7.02735
114	46.88247	7.04046
115	46.8825	7.04702
116	46.88254	7.06014
117	46.88256	7.0667
118	46.88258	7.07326
119	46.87653	6.73879
120	46.87661	6.75191
121	46.87665	6.75847
122	46.87735	6.88964
123	46.87738	6.8962
124	46.87753	6.929
125	46.87759	6.94211
126	46.87765	6.95523
127	46.87768	6.96179
128	46.8777	6.96835
129	46.87795	7.03394
130	46.87798	7.0405
131	46.87802	7.05362
132	46.87804	7.06017
133	46.87811	7.07985
134	46.87199	6.73229
135	46.87282	6.88313
136	46.87292	6.9028
137	46.87304	6.92904
138	46.87307	6.9356
139	46.87318	6.96183
140	46.87336	7.00774
141	46.87339	7.0143
142	46.87346	7.03397
143	46.87348	7.04053
144	46.8735	7.04709
145	46.87352	7.05365
146	46.87355	7.06021
147	46.86833	6.88318
148	46.86851	6.92252
149	46.86854	6.92908
150	46.86863	6.94875
151	46.86884	7.00122
152	46.86886	7.00777
153	46.86889	7.01433
154	46.86891	7.02089
155	46.86894	7.02745
156	46.86257	6.66684
157	46.86383	6.88322
158	46.86398	6.91601
159	46.86437	7.00781
160	46.86439	7.01437
161	46.86441	7.02093
162	46.85776	6.62101
163	46.85799	6.65379
164	46.85842	6.71935
165	46.85933	6.88327
166	46.85946	6.9095
167	46.85949	6.91605
168	46.85992	7.02096
169	46.85996	7.03407
170	46.86005	7.0603
171	46.85317	6.60797
172	46.85321	6.61452
173	46.85349	6.65386
174	46.85388	6.71286
175	46.85392	6.71941
176	46.85496	6.90954
177	46.85513	6.94888
178	46.85527	6.98166
179	46.85529	6.98821
180	46.85532	6.99477
181	46.85547	7.03411
182	46.85549	7.04066
183	46.85553	7.05378
184	46.85556	7.06033
185	46.85558	7.06689
186	46.84876	6.62115
187	46.84881	6.6277
188	46.84886	6.63426
189	46.8489	6.64081
190	46.84899	6.65392
191	46.84908	6.66703
192	46.84921	6.6867
193	46.84934	6.70636
194	46.84938	6.71292
195	46.84942	6.71947
196	46.85046	6.90958
197	46.85077	6.9817
198	46.8508	6.98825
199	46.85082	6.99481
200	46.85085	7.00136
201	46.85099	7.0407
202	46.85101	7.04725
203	46.85106	7.06036
204	46.85108	7.06692
205	46.84383	6.56222
206	46.84431	6.62777
207	46.84471	6.68676
208	46.84484	6.70642
209	46.84593	6.90307
210	46.84596	6.90963
211	46.84614	6.94896
212	46.84627	6.98173
213	46.84642	7.02106
214	46.8387	6.48365
215	46.83943	6.5754
216	46.83963	6.60162
217	46.83967	6.60817
218	46.83981	6.62784
219	46.84009	6.66716
220	46.84013	6.67371
221	46.84022	6.68682
222	46.84143	6.90312
223	46.84183	6.99488
224	46.84185	7.00144
225	46.84197	7.03421
226	46.84202	7.04732
227	46.83513	6.60169
228	46.83522	6.6148
229	46.83527	6.62135
230	46.8355	6.65412
231	46.83559	6.66723
232	46.83563	6.67378
233	46.83572	6.68689
234	46.837	6.91627
235	46.83709	6.93593
236	46.8372	6.96215
237	46.83735	7.00147
238	46.8375	7.0408
239	46.82965	6.47725
240	46.83008	6.52968
241	46.83013	6.53623
242	46.83018	6.54278
243	46.83023	6.54934
244	46.83029	6.55589
245	46.83077	6.62142
246	46.831	6.65418
247	46.83105	6.66074
248	46.83118	6.6804
249	46.83122	6.68695
250	46.83256	6.92942
251	46.83259	6.93597
252	46.83267	6.95563
253	46.8327	6.96219
254	46.83273	6.96874
255	46.83275	6.97529
256	46.83278	6.98185
257	46.83283	6.99496
258	46.83286	7.00151
259	46.82493	6.45113
260	46.82499	6.45768
261	46.82504	6.46423
262	46.82521	6.48389
263	46.82526	6.49044
264	46.82532	6.49699
265	46.82537	6.50354
266	46.82542	6.5101
267	46.82548	6.51665
268	46.82558	6.52975
269	46.82563	6.53631
270	46.82574	6.54941
271	46.82608	6.59528
272	46.82628	6.62149
273	46.82632	6.62804
274	46.82655	6.6608
275	46.82806	6.92946
276	46.82809	6.93602
277	46.82812	6.94257
278	46.82815	6.94912
279	46.82818	6.95567
280	46.8282	6.96223
281	46.82823	6.96878
282	46.82836	7.00155
283	46.82043	6.45121
284	46.82049	6.45776
285	46.82055	6.46431
286	46.8206	6.47086
287	46.82077	6.49052
288	46.82082	6.49707
289	46.82087	6.50362
290	46.82093	6.51017
291	46.82098	6.51673
292	46.82109	6.52983
293	46.82144	6.57569
294	46.82182	6.62811
295	46.82356	6.92951
296	46.82359	6.93606
297	46.82362	6.94261
298	46.82365	6.94916
299	46.82368	6.95572
300	46.82373	6.96882
301	46.81599	6.45784
302	46.81605	6.46439
303	46.81632	6.49715
304	46.81638	6.5037
305	46.81659	6.5299
306	46.81684	6.56266
307	46.81755	6.66093
308	46.81904	6.923
309	46.81907	6.92955
310	46.8191	6.9361
311	46.81912	6.94265
312	46.81915	6.9492
313	46.81926	6.97541
314	46.81929	6.98196
315	46.81934	6.99507
316	46.81155	6.46447
317	46.81183	6.49723
318	46.81225	6.54963
319	46.8124	6.56928
320	46.81264	6.60204
321	46.81274	6.61514
322	46.81278	6.62169
323	46.81283	6.62824
324	46.81292	6.64134
325	46.81297	6.64789
326	46.81301	6.65445
327	46.81442	6.89683
328	46.81451	6.91649
329	46.81457	6.92959
330	46.8146	6.93614
331	46.81463	6.94269
332	46.81465	6.94924
333	46.81471	6.96235
334	46.81476	6.97545
335	46.81479	6.982
336	46.81482	6.98855
337	46.81484	6.9951
338	46.80716	6.47766
339	46.8077	6.54316
340	46.80775	6.54971
341	46.8078	6.55626
342	46.808	6.58246
343	46.80805	6.58901
344	46.80824	6.61521
345	46.80829	6.62176
346	46.80838	6.63486
347	46.80842	6.64141
348	46.80847	6.64796
349	46.80926	6.77242
350	46.8093	6.77897
351	46.81007	6.92963
352	46.8101	6.93618
353	46.81021	6.96239
354	46.8033	6.55633
355	46.80335	6.56288
356	46.80383	6.62838
357	46.80388	6.63493
358	46.80449	6.72662
359	46.80453	6.73317
360	46.80554	6.92313
361	46.80563	6.94278
362	46.80569	6.95588
363	46.80577	6.97553
364	46.79811	6.47127
365	46.79885	6.56295
366	46.7992	6.6088
367	46.79924	6.61535
368	46.79929	6.6219
369	46.79934	6.62844
370	46.80003	6.73323
371	46.80007	6.73978
372	46.80011	6.74633
373	46.80015	6.75288
374	46.80031	6.77908
375	46.80093	6.89697
376	46.80102	6.91662
377	46.80113	6.94282
378	46.80116	6.94937
379	46.794	6.51719
380	46.7947	6.60887
381	46.79475	6.61542
382	46.79479	6.62196
383	46.79484	6.62851
384	46.79557	6.73984
385	46.79561	6.74639
386	46.79565	6.75294
387	46.79569	6.75949
388	46.79581	6.77913
389	46.79592	6.79878
390	46.79646	6.90356
391	46.79649	6.91011
392	46.79652	6.91666
393	46.79664	6.94286
394	46.79672	6.96251
395	46.79675	6.96906
396	46.79677	6.9756
397	46.7895	6.51726
398	46.78955	6.52381
399	46.7896	6.53036
400	46.79001	6.58274
401	46.7902	6.60894
402	46.79025	6.61548
403	46.7903	6.62203
404	46.79034	6.62858
405	46.79039	6.63513
406	46.79135	6.78574
407	46.79139	6.79229
408	46.79146	6.80538
409	46.79149	6.81193
410	46.79167	6.84467
411	46.79199	6.91016
412	46.79211	6.93635
413	46.79225	6.96909
414	46.78521	6.54353
415	46.78526	6.55008
416	46.78541	6.56972
417	46.78546	6.57627
418	46.78551	6.58282
419	46.78566	6.60246
420	46.7858	6.6221
421	46.78584	6.62865
422	46.78589	6.6352
423	46.78594	6.64174
424	46.78598	6.64829
425	46.78616	6.67448
426	46.78662	6.74651
427	46.78696	6.80544
428	46.78703	6.81853
429	46.7871	6.83163
430	46.78714	6.83817
431	46.78734	6.87746
432	46.78755	6.9233
433	46.78045	6.51087
434	46.78091	6.56979
435	46.78121	6.60907
436	46.78125	6.61562
437	46.7813	6.62217
438	46.78135	6.62872
439	46.78139	6.63526
440	46.78144	6.64181
441	46.78148	6.64836
442	46.78162	6.668
443	46.78166	6.67454
444	46.78179	6.69419
445	46.78196	6.72037
446	46.78224	6.7662
447	46.78257	6.82513
448	46.78261	6.83168
449	46.78264	6.83822
450	46.78284	6.87751
451	46.78287	6.88406
452	46.78303	6.91679
453	46.77661	6.59605
454	46.77666	6.6026
455	46.77671	6.60914
456	46.77676	6.61569
457	46.7768	6.62224
458	46.77685	6.62878
459	46.7769	6.63533
460	46.77694	6.64188
461	46.77699	6.64842
462	46.77703	6.65497
463	46.77708	6.66152
464	46.77712	6.66806
465	46.77746	6.72043
466	46.77778	6.77281
467	46.77782	6.77935
468	46.77821	6.85137
469	46.77824	6.85792
470	46.77837	6.8841
471	46.77844	6.8972
472	46.77847	6.90374
473	46.77856	6.92338
474	46.77867	6.94957
475	46.7714	6.50448
476	46.77167	6.53721
477	46.77216	6.60267
478	46.77221	6.60921
479	46.77235	6.62885
480	46.7724	6.6354
481	46.77244	6.64194
482	46.77249	6.64849
483	46.77254	6.65503
484	46.77258	6.66158
485	46.77267	6.67467
486	46.7728	6.69431
487	46.77332	6.77941
488	46.77343	6.79905
489	46.77375	6.85796
490	46.77403	6.91688
491	46.77406	6.92343
492	46.77415	6.94307
493	46.77418	6.94961
494	46.76732	6.55692
495	46.76737	6.56346
496	46.76742	6.57001
497	46.76752	6.5831
498	46.76757	6.58965
499	46.7679	6.63546
500	46.76795	6.64201
501	46.76799	6.64855
502	46.76804	6.6551
503	46.76826	6.68783
504	46.76875	6.76637
505	46.76893	6.7991
506	46.76922	6.85147
507	46.76956	6.92347
508	46.76962	6.93656
509	46.76965	6.94311
510	46.76968	6.94965
511	46.76262	6.53081
512	46.76267	6.53736
513	46.76282	6.55699
514	46.76287	6.56354
515	46.76297	6.57663
516	46.76326	6.6159
517	46.76336	6.62899
518	46.76345	6.64208
519	46.76349	6.64862
520	46.76354	6.65516
521	46.76358	6.66171
522	46.76417	6.75334
523	46.76444	6.79915
524	46.76451	6.81224
525	46.76455	6.81879
526	46.76462	6.83188
527	46.76472	6.85152
528	46.76488	6.88424
529	46.76491	6.89079
530	46.76507	6.92351
531	46.76515	6.94315
532	46.7578	6.49163
533	46.75812	6.53089
534	46.75886	6.62905
535	46.75895	6.64214
536	46.75909	6.66177
537	46.75913	6.66832
538	46.75931	6.6945
539	46.75935	6.70104
540	46.75963	6.74685
541	46.75987	6.78612
542	46.7599	6.79266
543	46.75994	6.79921
544	46.76001	6.8123
545	46.76005	6.81884
546	46.76038	6.88429
547	46.76042	6.89083
548	46.76045	6.89738
549	46.7606	6.9301
550	46.75325	6.48516
551	46.75352	6.51788
552	46.75357	6.52442
553	46.75362	6.53097
554	46.75441	6.63566
555	46.75481	6.69456
556	46.75485	6.7011
557	46.7551	6.74037
558	46.75589	6.88433
559	46.75595	6.89742
560	46.75604	6.91705
561	46.7561	6.93014
562	46.75613	6.93669
563	46.74864	6.47215
564	46.74886	6.49833
565	46.74907	6.5245
566	46.74991	6.63573
567	46.74996	6.64227
568	46.75005	6.65536
569	46.75035	6.70116
570	46.75048	6.72079
571	46.75052	6.72734
572	46.75098	6.80586
573	46.75112	6.83203
574	46.75116	6.83858
575	46.75132	6.87129
576	46.75154	6.9171
577	46.75163	6.93673
578	46.75166	6.94327
579	46.74398	6.45261
580	46.74452	6.51803
581	46.74523	6.60963
582	46.74532	6.62271
583	46.74555	6.65543
584	46.7459	6.70777
585	46.74594	6.71431
586	46.74602	6.7274
587	46.74618	6.75357
588	46.74648	6.80591
589	46.74652	6.81245
590	46.74663	6.83208
591	46.74683	6.87134
592	46.74702	6.9106
593	46.7471	6.93023
594	46.74713	6.93677
595	46.74716	6.94331
596	46.74719	6.94986
597	46.73908	6.4069
598	46.73948	6.45269
599	46.73954	6.45923
600	46.74063	6.59661
601	46.74068	6.60315
602	46.74073	6.6097
603	46.74096	6.64241
604	46.74132	6.69474
605	46.74136	6.70129
606	46.74144	6.71437
607	46.7416	6.74054
608	46.74164	6.74708
609	46.7423	6.86484
610	46.74239	6.88447
611	46.74255	6.91718
612	46.73464	6.41353
613	46.73475	6.42661
614	46.73521	6.47894
615	46.73542	6.5051
616	46.73548	6.51164
617	46.73563	6.53127
618	46.73574	6.54435
619	46.73579	6.55089
620	46.73646	6.64247
621	46.73664	6.66864
622	46.73686	6.70135
623	46.73723	6.76022
624	46.73726	6.76677
625	46.73786	6.87798
626	46.7379	6.88452
627	46.73808	6.92377
628	46.73811	6.93031
629	46.7299	6.38745
630	46.73008	6.40707
631	46.73014	6.41361
632	46.7302	6.42015
633	46.73026	6.42669
634	46.73054	6.4594
635	46.73093	6.50518
636	46.73098	6.51172
637	46.73109	6.5248
638	46.73114	6.53134
639	46.73119	6.53788
640	46.73144	6.57059
641	46.73215	6.6687
642	46.73261	6.74066
643	46.7332	6.84532
644	46.73358	6.92381
645	46.72541	6.38754
646	46.72553	6.40062
647	46.72558	6.40716
648	46.72648	6.5118
649	46.72659	6.52488
650	46.72664	6.53142
651	46.72669	6.53796
652	46.72699	6.5772
653	46.72704	6.58374
654	46.72714	6.59682
655	46.72795	6.71455
656	46.72811	6.74071
657	46.72842	6.79304
658	46.72856	6.8192
659	46.7286	6.82574
660	46.72884	6.87153
661	46.72887	6.87807
662	46.7289	6.88461
663	46.72091	6.38762
664	46.72097	6.39416
665	46.72193	6.50534
666	46.72198	6.51188
667	46.72214	6.5315
668	46.72219	6.53804
669	46.72225	6.54457
670	46.72264	6.59689
671	46.72269	6.60343
672	46.72302	6.64921
673	46.72324	6.68191
674	46.72341	6.70807
675	46.72385	6.78001
676	46.72392	6.79309
677	46.72407	6.81925
678	46.72417	6.83888
679	46.72424	6.85196
680	46.72434	6.87158
681	46.72443	6.8912
682	46.72447	6.89774
683	46.71635	6.38117
684	46.71641	6.38771
685	46.71647	6.39425
686	46.71653	6.40079
687	46.71743	6.50541
688	46.71749	6.51195
689	46.71759	6.52503
690	46.71764	6.53157
691	46.7177	6.53811
692	46.71775	6.54465
693	46.71838	6.62966
694	46.71843	6.6362
695	46.71847	6.64274
696	46.71856	6.65582
697	46.71874	6.68198
698	46.71904	6.72775
699	46.71912	6.74083
700	46.71939	6.78661
701	46.71942	6.79315
702	46.71957	6.81931
703	46.71978	6.85854
704	46.71987	6.87816
705	46.71997	6.89778
706	46.71173	6.36818
707	46.71179	6.37472
708	46.71185	6.38126
709	46.71191	6.3878
710	46.71203	6.40088
711	46.71266	6.4728
712	46.7134	6.56434
713	46.71345	6.57088
714	46.71393	6.63627
715	46.71398	6.64281
716	46.71407	6.65588
717	46.71429	6.68858
718	46.71433	6.69512
719	46.71437	6.70166
720	46.71458	6.73435
721	46.71462	6.74089
722	46.71521	6.84551
723	46.71534	6.87167
724	46.71544	6.89129
725	46.71547	6.89783
726	46.71562	6.93052
727	46.70711	6.3552
728	46.70717	6.36174
729	46.70729	6.37481
730	46.70736	6.38135
731	46.70754	6.40096
732	46.70794	6.44673
733	46.70891	6.56441
734	46.70896	6.57095
735	46.709	6.57749
736	46.71	6.72133
737	46.71004	6.72787
738	46.71047	6.79979
739	46.71068	6.83903
740	46.71071	6.84556
741	46.71085	6.87172
742	46.71091	6.8848
743	46.71106	6.91749
744	46.70255	6.34875
745	46.70267	6.36183
746	46.70274	6.36836
747	46.70339	6.44027
748	46.70345	6.44681
749	46.70389	6.49911
750	46.70441	6.56449
751	46.70446	6.57102
752	46.70465	6.59717
753	46.7047	6.60371
754	46.70484	6.62332
755	46.7055	6.72139
756	46.7057	6.75408
757	46.70574	6.76062
758	46.70593	6.79331
759	46.70611	6.826
760	46.70615	6.83254
761	46.70618	6.83908
762	46.70641	6.88484
763	46.69923	6.47958
764	46.69996	6.5711
765	46.70016	6.59724
766	46.7002	6.60378
767	46.70066	6.66915
768	46.70071	6.67569
769	46.70117	6.7476
770	46.70121	6.75414
771	46.70124	6.76068
772	46.70151	6.80644
773	46.70161	6.82605
774	46.70165	6.83259
775	46.70172	6.84566
776	46.70175	6.8522
777	46.70191	6.88489
778	46.70201	6.9045
779	46.69386	6.38161
780	46.69416	6.41429
781	46.69422	6.42083
782	46.69456	6.46005
783	46.69462	6.46658
784	46.69467	6.47312
785	46.69473	6.47966
786	46.69505	6.51888
787	46.69546	6.57117
788	46.69603	6.64961
789	46.69612	6.66268
790	46.69617	6.66922
791	46.6963	6.68883
792	46.69647	6.71497
793	46.6969	6.78688
794	46.69708	6.81956
795	46.69722	6.84571
796	46.69725	6.85225
797	46.69729	6.85879
798	46.69742	6.88493
799	46.69748	6.89801
800	46.69751	6.90454
801	46.68937	6.3817
802	46.68943	6.38824
803	46.68995	6.44706
804	46.69007	6.46013
805	46.69023	6.47974
806	46.69056	6.51895
807	46.69135	6.62353
808	46.69149	6.64314
809	46.69153	6.64967
810	46.6918	6.68889
811	46.69184	6.69543
812	46.69188	6.70196
813	46.69193	6.7085
814	46.69197	6.71503
815	46.69209	6.73464
816	46.69225	6.76079
817	46.69269	6.83922
818	46.69272	6.84576
819	46.69282	6.86537
820	46.69298	6.89805
821	46.69301	6.90459
822	46.68469	6.36218
823	46.68481	6.37525
824	46.68493	6.38832
825	46.68616	6.5321
826	46.68637	6.55824
827	46.68642	6.56478
828	46.68671	6.60399
829	46.68699	6.6432
830	46.68704	6.64974
831	46.68739	6.70202
832	46.68743	6.70856
833	46.68759	6.7347
834	46.68763	6.74124
835	46.68779	6.76738
836	46.6879	6.78699
837	46.68801	6.8066
838	46.68805	6.81313
839	46.68816	6.83274
840	46.68833	6.86542
841	46.68845	6.89156
842	46.68848	6.8981
843	46.68025	6.36881
844	46.68192	6.56485
845	46.68217	6.59752
846	46.68221	6.60406
847	46.68249	6.64327
848	46.68254	6.6498
849	46.68301	6.72169
850	46.68352	6.80665
851	46.68366	6.83279
852	46.68373	6.84586
853	46.68389	6.87854
854	46.68392	6.88507
855	46.67525	6.31663
856	46.67587	6.38197
857	46.67742	6.56492
858	46.67772	6.60413
859	46.67786	6.62373
860	46.678	6.64334
861	46.67822	6.67601
862	46.67826	6.68254
863	46.67852	6.72175
864	46.67856	6.72828
865	46.6788	6.76749
866	46.67902	6.8067
867	46.67923	6.84591
868	46.67926	6.85244
869	46.67943	6.88512
870	46.67043	6.28405
871	46.67075	6.31672
872	46.67138	6.38205
873	46.67262	6.52579
874	46.67282	6.55193
875	46.67312	6.59113
876	46.67377	6.68261
877	46.67381	6.68914
878	46.67418	6.74795
879	46.67422	6.75448
880	46.67441	6.78715
881	46.67445	6.79369
882	46.67449	6.80022
883	46.67452	6.80675
884	46.67466	6.83289
885	46.67473	6.84596
886	46.67477	6.85249
887	46.67493	6.88516
888	46.66619	6.31028
889	46.66626	6.31681
890	46.66632	6.32335
891	46.66638	6.32988
892	46.667	6.39521
893	46.66729	6.42787
894	46.66791	6.49974
895	46.66796	6.50627
896	46.66802	6.5128
897	46.66812	6.52587
898	46.66848	6.5716
899	46.66853	6.57813
900	46.66918	6.6696
901	46.66922	6.67614
902	46.66935	6.69574
903	46.6696	6.73494
904	46.66964	6.74147
905	46.66991	6.78721
906	46.66995	6.79374
907	46.66999	6.80027
908	46.67002	6.80681
909	46.6702	6.83947
910	46.67027	6.85254
911	46.6704	6.87868
912	46.67043	6.88521
913	46.66189	6.32997
914	46.66226	6.36916
915	46.66325	6.48022
916	46.66346	6.50635
917	46.66352	6.51288
918	46.66378	6.54554
919	46.66408	6.58474
920	46.66468	6.66967
921	46.66494	6.70886
922	46.66498	6.7154
923	46.66511	6.735
924	46.66542	6.78726
925	46.66545	6.79379
926	46.66549	6.80033
927	46.66553	6.80686
928	46.66567	6.83299
929	46.65687	6.27781
930	46.657	6.29087
931	46.65707	6.29741
932	46.65713	6.30394
933	46.65732	6.32353
934	46.65875	6.4803
935	46.65881	6.48683
936	46.65891	6.49989
937	46.65897	6.50642
938	46.65902	6.51296
939	46.65968	6.59787
940	46.65973	6.60441
941	46.65977	6.61094
942	46.65996	6.63707
943	46.66001	6.6436
944	46.66023	6.67626
945	46.66044	6.70892
946	46.66049	6.71546
947	46.66073	6.75465
948	46.66092	6.78731
949	46.66096	6.79385
950	46.66099	6.80038
951	46.66134	6.8657
952	46.66137	6.87224
953	46.6614	6.87877
954	46.65283	6.32362
955	46.65436	6.49344
956	46.65442	6.49997
957	46.65447	6.5065
958	46.65458	6.51956
959	46.65463	6.5261
960	46.65478	6.54569
961	46.65483	6.55222
962	46.65518	6.59794
963	46.65523	6.60448
964	46.65528	6.61101
965	46.65542	6.6306
966	46.65546	6.63713
967	46.65551	6.64367
968	46.65555	6.6502
969	46.65569	6.66979
970	46.65573	6.67633
971	46.65586	6.69592
972	46.65595	6.70898
973	46.65611	6.73511
974	46.65615	6.74164
975	46.65635	6.7743
976	46.65646	6.7939
977	46.65653	6.80696
978	46.65687	6.87228
979	46.65691	6.87882
980	46.64787	6.278
981	46.64794	6.28453
982	46.64827	6.31719
983	46.64913	6.40862
984	46.64948	6.4478
985	46.64953	6.45433
986	46.64997	6.50658
987	46.65013	6.52617
988	46.65018	6.5327
989	46.65023	6.53923
990	46.65034	6.5523
991	46.65064	6.59148
992	46.65078	6.61108
993	46.65087	6.62414
994	46.65097	6.6372
995	46.65141	6.70251
996	46.65161	6.73517
997	46.65173	6.75476
998	46.65185	6.77436
999	46.65192	6.78742
1000	46.652	6.80048
1001	46.65207	6.81355
1002	46.65218	6.83314
1003	46.65221	6.83967
1004	46.65234	6.8658
1005	46.65238	6.87233
1006	46.64338	6.2781
1007	46.6437	6.31075
1008	46.64445	6.38911
1009	46.64457	6.40217
1010	46.64463	6.4087
1011	46.64526	6.48054
1012	46.64537	6.4936
1013	46.64563	6.52625
1014	46.64569	6.53278
1015	46.64604	6.57849
1016	46.64647	6.63727
1017	46.64651	6.6438
1018	46.64687	6.69604
1019	46.64691	6.70258
1020	46.64695	6.70911
1021	46.64699	6.71564
1022	46.64707	6.7287
1023	46.64727	6.76135
1024	46.64757	6.8136
1025	46.64764	6.82666
1026	46.64778	6.85279
1027	46.63914	6.30431
1028	46.64008	6.40226
1029	46.64071	6.47409
1030	46.64149	6.57203
1031	46.64154	6.57856
1032	46.64183	6.61774
1033	46.64188	6.62427
1034	46.64192	6.6308
1035	46.64197	6.63733
1036	46.64202	6.64386
1037	46.64233	6.68958
1038	46.64237	6.69611
1039	46.64245	6.70917
1040	46.64249	6.7157
1041	46.64254	6.72223
1042	46.64258	6.72876
1043	46.64262	6.73529
1044	46.64274	6.75488
1045	46.64278	6.76141
1046	46.64307	6.81365
1047	46.64311	6.82018
1048	46.64315	6.82671
1049	46.63418	6.25871
1050	46.63558	6.40234
1051	46.63637	6.49375
1052	46.63653	6.51334
1053	46.63664	6.5264
1054	46.63669	6.53293
1055	46.63679	6.54599
1056	46.637	6.57211
1057	46.63719	6.59822
1058	46.63724	6.60475
1059	46.63738	6.62434
1060	46.63743	6.63087
1061	46.63747	6.6374
1062	46.63752	6.64393
1063	46.63761	6.65699
1064	46.63765	6.66352
1065	46.6377	6.67005
1066	46.63774	6.67658
1067	46.63816	6.74188
1068	46.63824	6.75494
1069	46.63835	6.77453
1070	46.63839	6.78105
1071	46.62968	6.25881
1072	46.62995	6.28492
1073	46.63188	6.49383
1074	46.63214	6.52648
1075	46.63224	6.53953
1076	46.6326	6.58524
1077	46.63269	6.59829
1078	46.63274	6.60482
1079	46.63279	6.61135
1080	46.63288	6.62441
1081	46.63293	6.63094
1082	46.63298	6.63747
1083	46.63311	6.65706
1084	46.6332	6.67011
1085	46.63324	6.67664
1086	46.63354	6.72235
1087	46.63358	6.72888
1088	46.6337	6.74846
1089	46.63397	6.79417
1090	46.63401	6.8007
1091	46.63408	6.81376
1092	46.62512	6.25238
1093	46.62539	6.27849
1094	46.62676	6.4221
1095	46.62688	6.43516
1096	46.62693	6.44169
1097	46.62759	6.52002
1098	46.628	6.57225
1099	46.62805	6.57878
1100	46.6287	6.67018
1101	46.62875	6.67671
1102	46.62879	6.68323
1103	46.62883	6.68976
1104	46.62892	6.70282
1105	46.62896	6.70935
1106	46.62904	6.72241
1107	46.62908	6.72893
1108	46.62912	6.73546
1109	46.62916	6.74199
1110	46.62936	6.77464
1111	46.6294	6.78116
1112	46.62951	6.80075
1113	46.62042	6.23289
1114	46.62055	6.24595
1115	46.62076	6.26553
1116	46.62082	6.27206
1117	46.62209	6.4026
1118	46.62214	6.40913
1119	46.6222	6.41566
1120	46.62238	6.43524
1121	46.62244	6.44177
1122	46.62272	6.47441
1123	46.62299	6.50704
1124	46.6233	6.54621
1125	46.62335	6.55274
1126	46.6235	6.57232
1127	46.62355	6.57885
1128	46.62365	6.59191
1129	46.62407	6.65066
1130	46.62429	6.6833
1131	46.62434	6.68983
1132	46.62442	6.70288
1133	46.62467	6.74205
1134	46.62482	6.76816
1135	46.62486	6.77469
1136	46.6249	6.78122
1137	46.62494	6.78775
1138	46.61585	6.22647
1139	46.61592	6.23299
1140	46.61599	6.23952
1141	46.61619	6.2591
1142	46.61626	6.26563
1143	46.61633	6.27215
1144	46.61765	6.40922
1145	46.61771	6.41574
1146	46.61816	6.46796
1147	46.61822	6.47449
1148	46.61838	6.49407
1149	46.61844	6.5006
1150	46.61849	6.50712
1151	46.6188	6.54629
1152	46.61885	6.55281
1153	46.61905	6.57892
1154	46.6192	6.5985
1155	46.61925	6.60503
1156	46.61948	6.63767
1157	46.61962	6.65725
1158	46.62001	6.716
1159	46.62017	6.74211
1160	46.62036	6.77475
1161	46.6204	6.78127
1162	46.62044	6.7878
1163	46.62048	6.79433
1164	46.61135	6.22657
1165	46.61142	6.23309
1166	46.61169	6.2592
1167	46.61285	6.37667
1168	46.61291	6.3832
1169	46.61315	6.4093
1170	46.61372	6.47457
1171	46.61394	6.50067
1172	46.61399	6.5072
1173	46.61405	6.51373
1174	46.6141	6.52025
1175	46.61415	6.52678
1176	46.61485	6.61815
1177	46.61489	6.62468
1178	46.61494	6.63121
1179	46.61499	6.63773
1180	46.61508	6.65079
1181	46.61512	6.65732
1182	46.61517	6.66384
1183	46.61521	6.67037
1184	46.61559	6.72911
1185	46.61563	6.73564
1186	46.61571	6.74869
1187	46.61575	6.75522
1188	46.61594	6.78786
1189	46.61598	6.79438
1190	46.61605	6.80744
1191	46.60678	6.22014
1192	46.60685	6.22667
1193	46.60692	6.23319
1194	46.60699	6.23972
1195	46.60706	6.24625
1196	46.60713	6.25277
1197	46.60853	6.39634
1198	46.609	6.44854
1199	46.60939	6.49422
1200	46.60944	6.50075
1201	46.6095	6.50728
1202	46.6096	6.52033
1203	46.60965	6.52686
1204	46.61011	6.58559
1205	46.61035	6.61822
1206	46.6104	6.62475
1207	46.61071	6.67043
1208	46.61084	6.69001
1209	46.61109	6.72917
1210	46.61117	6.74222
1211	46.61121	6.74875
1212	46.61125	6.75528
1213	46.61129	6.7618
1214	46.61133	6.76833
1215	46.61137	6.77486
1216	46.61144	6.78791
1217	46.61155	6.80749
1218	46.61159	6.81402
1219	46.60215	6.20719
1220	46.60222	6.21372
1221	46.60229	6.22024
1222	46.60236	6.22677
1223	46.60243	6.23329
1224	46.6025	6.23982
1225	46.60386	6.37685
1226	46.60392	6.38337
1227	46.60416	6.40947
1228	46.60427	6.42252
1229	46.6045	6.44863
1230	46.60494	6.50083
1231	46.605	6.50735
1232	46.60505	6.51388
1233	46.6051	6.52041
1234	46.60516	6.52693
1235	46.60541	6.55956
1236	46.60546	6.56608
1237	46.60556	6.57914
1238	46.60561	6.58566
1239	46.60604	6.64439
1240	46.60622	6.6705
1241	46.60664	6.73576
1242	46.60668	6.74228
1243	46.60687	6.77491
1244	46.60706	6.80754
1245	46.59758	6.20077
1246	46.59772	6.21382
1247	46.59779	6.22035
1248	46.59793	6.23339
1249	46.5993	6.37041
1250	46.59936	6.37693
1251	46.59942	6.38346
1252	46.60028	6.48133
1253	46.60034	6.48786
1254	46.6005	6.50743
1255	46.60066	6.52701
1256	46.60071	6.53353
1257	46.60076	6.54006
1258	46.60092	6.55963
1259	46.60111	6.58573
1260	46.60126	6.60531
1261	46.60131	6.61183
1262	46.60135	6.61836
1263	46.60149	6.63793
1264	46.60154	6.64446
1265	46.60158	6.65098
1266	46.60172	6.67056
1267	46.60176	6.67709
1268	46.6018	6.68361
1269	46.60185	6.69014
1270	46.60226	6.75539
1271	46.6023	6.76192
1272	46.60234	6.76844
1273	46.60237	6.77497
1274	46.60241	6.78149
1275	46.60256	6.80759
1276	46.59308	6.20088
1277	46.59315	6.2074
1278	46.59322	6.21392
1279	46.59336	6.22697
1280	46.5948	6.3705
1281	46.59486	6.37702
1282	46.59498	6.39007
1283	46.59562	6.46184
1284	46.59584	6.48794
1285	46.5959	6.49446
1286	46.59616	6.52708
1287	46.59621	6.53361
1288	46.59627	6.54013
1289	46.59642	6.55971
1290	46.59652	6.57275
1291	46.59662	6.5858
1292	46.59681	6.6119
1293	46.5969	6.62495
1294	46.597	6.638
1295	46.59704	6.64453
1296	46.59713	6.65758
1297	46.59722	6.67062
1298	46.59731	6.68367
1299	46.59735	6.6902
1300	46.59768	6.7424
1301	46.59776	6.75545
1302	46.5978	6.76197
1303	46.59784	6.7685
1304	46.59788	6.77502
1305	46.59795	6.78807
1306	46.58866	6.2075
1307	46.58873	6.21403
1308	46.5888	6.22055
1309	46.59078	6.42278
1310	46.59084	6.4293
1311	46.59112	6.46192
1312	46.59118	6.46844
1313	46.59134	6.48802
1314	46.59172	6.53368
1315	46.59177	6.54021
1316	46.59192	6.55978
1317	46.59197	6.5663
1318	46.59202	6.57283
1319	46.59226	6.60545
1320	46.59241	6.62502
1321	46.59245	6.63154
1322	46.5925	6.63807
1323	46.59254	6.64459
1324	46.59259	6.65112
1325	46.59263	6.65764
1326	46.59281	6.68374
1327	46.5931	6.72941
1328	46.59314	6.73593
1329	46.59318	6.74246
1330	46.59322	6.74898
1331	46.59334	6.76855
1332	46.59338	6.77508
1333	46.59345	6.78813
1334	46.58409	6.20108
1335	46.58416	6.2076
1336	46.58423	6.21413
1337	46.58634	6.42938
1338	46.58663	6.462
1339	46.58701	6.50766
1340	46.58747	6.56638
1341	46.58762	6.58595
1342	46.58772	6.59899
1343	46.58777	6.60552
1344	46.58781	6.61204
1345	46.58786	6.61856
1346	46.58791	6.62509
1347	46.58795	6.63161
1348	46.588	6.63813
1349	46.58805	6.64466
1350	46.58809	6.65118
1351	46.58814	6.65771
1352	46.58818	6.66423
1353	46.58861	6.72947
1354	46.58865	6.73599
1355	46.58884	6.76861
1356	46.58892	6.78166
1357	46.58896	6.78818
1358	46.58899	6.7947
1359	46.5891	6.81428
1360	46.58917	6.82732
1361	46.58921	6.83385
1362	46.58924	6.84037
1363	46.58931	6.85342
1364	46.57966	6.20771
1365	46.57973	6.21423
1366	46.58125	6.36424
1367	46.58179	6.42295
1368	46.58184	6.42947
1369	46.58246	6.50122
1370	46.58251	6.50774
1371	46.58267	6.52731
1372	46.58272	6.53383
1373	46.58307	6.57949
1374	46.58317	6.59254
1375	46.58322	6.59906
1376	46.58327	6.60559
1377	46.58332	6.61211
1378	46.58336	6.61863
1379	46.5835	6.6382
1380	46.58355	6.64472
1381	46.58419	6.74257
1382	46.58431	6.76214
1383	46.58438	6.77519
1384	46.58446	6.78823
1385	46.58453	6.80128
1386	46.58457	6.8078
1387	46.58468	6.82737
1388	46.58471	6.8339
1389	46.58475	6.84042
1390	46.58481	6.85347
1391	46.58485	6.85999
1392	46.58488	6.86651
1393	46.58491	6.87304
1394	46.57495	6.18824
1395	46.57502	6.19477
1396	46.57509	6.20129
1397	46.57669	6.35781
1398	46.57675	6.36433
1399	46.57729	6.42303
1400	46.57735	6.42955
1401	46.5774	6.43607
1402	46.57757	6.45564
1403	46.57785	6.48825
1404	46.57801	6.50782
1405	46.57822	6.53391
1406	46.57828	6.54043
1407	46.57838	6.55348
1408	46.57848	6.56652
1409	46.57853	6.57304
1410	46.57867	6.59261
1411	46.57872	6.59913
1412	46.57877	6.60565
1413	46.57882	6.61218
1414	46.57891	6.62522
1415	46.57896	6.63174
1416	46.57901	6.63827
1417	46.57905	6.64479
1418	46.57957	6.72306
1419	46.57961	6.72958
1420	46.57965	6.73611
1421	46.57969	6.74263
1422	46.57992	6.78177
1423	46.57996	6.78829
1424	46.58003	6.80133
1425	46.58007	6.80786
1426	46.58011	6.81438
1427	46.58018	6.82742
1428	46.58021	6.83395
1429	46.58025	6.84047
1430	46.58032	6.85352
1431	46.58035	6.86004
1432	46.57045	6.18835
1433	46.57219	6.3579
1434	46.57255	6.39703
1435	46.57291	6.43616
1436	46.57308	6.45572
1437	46.57313	6.46224
1438	46.57324	6.47529
1439	46.5733	6.48181
1440	46.57335	6.48833
1441	46.57373	6.53398
1442	46.57378	6.54051
1443	46.57388	6.55355
1444	46.57393	6.56007
1445	46.57398	6.56659
1446	46.57403	6.57311
1447	46.57413	6.58616
1448	46.57427	6.60572
1449	46.57446	6.63181
1450	46.57451	6.63833
1451	46.5746	6.65138
1452	46.57469	6.66442
1453	46.57473	6.67094
1454	46.57515	6.73616
1455	46.57523	6.74921
1456	46.57527	6.75573
1457	46.57531	6.76225
1458	46.57535	6.76878
1459	46.57539	6.7753
1460	46.57543	6.78182
1461	46.57546	6.78834
1462	46.57557	6.80791
1463	46.57565	6.82095
1464	46.57575	6.84052
1465	46.57582	6.85356
1466	46.57588	6.86661
1467	46.57592	6.87313
1468	46.57595	6.87965
1469	46.57598	6.88618
1470	46.57601	6.8927
1471	46.56852	6.44928
1472	46.56858	6.4558
1473	46.56864	6.46233
1474	46.56875	6.47537
1475	46.56902	6.50797
1476	46.56907	6.51449
1477	46.56912	6.52102
1478	46.56918	6.52754
1479	46.56943	6.56014
1480	46.56948	6.56667
1481	46.56973	6.59927
1482	46.56978	6.60579
1483	46.56996	6.63188
1484	46.5701	6.65144
1485	46.57049	6.71014
1486	46.57074	6.74927
1487	46.57077	6.75579
1488	46.57081	6.76231
1489	46.57089	6.77535
1490	46.57093	6.78187
1491	46.57104	6.80144
1492	46.57108	6.80796
1493	46.57111	6.81448
1494	46.57115	6.821
1495	46.57118	6.82753
1496	46.57122	6.83405
1497	46.57125	6.84057
1498	46.57132	6.85361
1499	46.57142	6.87318
1500	46.57145	6.8797
1501	46.57148	6.88622
1502	46.57151	6.89274
1503	46.5632	6.35808
1504	46.56452	6.50805
1505	46.56457	6.51457
1506	46.56463	6.52109
1507	46.56483	6.54718
1508	46.56488	6.5537
1509	46.56494	6.56022
1510	46.56499	6.56674
1511	46.56518	6.59282
1512	46.56523	6.59934
1513	46.56528	6.60586
1514	46.56542	6.62542
1515	46.56547	6.63195
1516	46.56556	6.64499
1517	46.5656	6.65151
1518	46.56591	6.69716
1519	46.56595	6.70368
1520	46.56628	6.75584
1521	46.56639	6.77541
1522	46.56643	6.78193
1523	46.56654	6.80149
1524	46.56661	6.81453
1525	46.56665	6.82106
1526	46.56669	6.82758
1527	46.56672	6.8341
1528	46.56675	6.84062
1529	46.56682	6.85366
1530	46.56686	6.86018
1531	46.56692	6.87323
1532	46.56695	6.87975
1533	46.56705	6.89931
1534	46.56708	6.90583
1535	46.55845	6.33209
1536	46.55851	6.33861
1537	46.55906	6.39729
1538	46.55936	6.42989
1539	46.55941	6.43641
1540	46.55947	6.44293
1541	46.55958	6.45597
1542	46.55975	6.47553
1543	46.56013	6.52117
1544	46.56018	6.52769
1545	46.56044	6.56029
1546	46.56049	6.56681
1547	46.56054	6.57333
1548	46.56059	6.57985
1549	46.56068	6.59289
1550	46.56073	6.59941
1551	46.56078	6.60593
1552	46.56083	6.61245
1553	46.56088	6.61897
1554	46.56092	6.62549
1555	46.56097	6.63201
1556	46.56101	6.63853
1557	46.56106	6.64505
1558	46.56111	6.65157
1559	46.56115	6.65809
1560	46.5612	6.66461
1561	46.56124	6.67114
1562	46.56133	6.68418
1563	46.56141	6.69722
1564	46.5615	6.71026
1565	46.56154	6.71678
1566	46.56166	6.73634
1567	46.5617	6.74286
1568	46.56174	6.74938
1569	46.5619	6.77546
1570	46.56193	6.78198
1571	46.56197	6.7885
1572	46.56201	6.79502
1573	46.56204	6.80155
1574	46.56219	6.82763
1575	46.56252	6.89283
1576	46.56258	6.90588
1577	46.55395	6.33218
1578	46.55432	6.3713
1579	46.55438	6.37782
1580	46.55486	6.42997
1581	46.55497	6.44301
1582	46.5552	6.46909
1583	46.55525	6.47561
1584	46.55553	6.50821
1585	46.55558	6.51473
1586	46.55584	6.54732
1587	46.55589	6.55384
1588	46.55594	6.56036
1589	46.55599	6.56688
1590	46.55604	6.5734
1591	46.55609	6.57992
1592	46.55619	6.59296
1593	46.55624	6.59948
1594	46.55638	6.61904
1595	46.55642	6.62556
1596	46.55647	6.63208
1597	46.55652	6.6386
1598	46.55665	6.65816
1599	46.5567	6.66468
1600	46.55674	6.6712
1601	46.55679	6.67772
1602	46.55683	6.68424
1603	46.55691	6.69728
1604	46.557	6.71032
1605	46.55704	6.71684
1606	46.55712	6.72988
1607	46.55716	6.7364
1608	46.55724	6.74944
1609	46.55744	6.78204
1610	46.55747	6.78856
1611	46.55769	6.82768
1612	46.55772	6.8342
1613	46.55789	6.8668
1614	46.55793	6.87332
1615	46.55805	6.8994
1616	46.54983	6.37139
1617	46.55001	6.39094
1618	46.5503	6.42354
1619	46.55036	6.43006
1620	46.55042	6.43657
1621	46.55076	6.47569
1622	46.55092	6.49525
1623	46.55108	6.5148
1624	46.55113	6.52132
1625	46.55129	6.54088
1626	46.55134	6.5474
1627	46.55139	6.55392
1628	46.55144	6.56044
1629	46.55149	6.56695
1630	46.55154	6.57347
1631	46.55159	6.57999
1632	46.55164	6.58651
1633	46.55169	6.59303
1634	46.55174	6.59955
1635	46.55193	6.62563
1636	46.55197	6.63215
1637	46.55202	6.63867
1638	46.55207	6.64519
1639	46.55211	6.6517
1640	46.55216	6.65822
1641	46.5522	6.66474
1642	46.55224	6.67126
1643	46.55229	6.67778
1644	46.55233	6.6843
1645	46.55237	6.69082
1646	46.55242	6.69734
1647	46.5525	6.71038
1648	46.55254	6.7169
1649	46.55262	6.72994
1650	46.55271	6.74298
1651	46.55275	6.7495
1652	46.55278	6.75601
1653	46.5529	6.77557
1654	46.55298	6.78861
1655	46.55309	6.80817
1656	46.55312	6.81469
1657	46.55319	6.82773
1658	46.55323	6.83425
1659	46.55336	6.86033
1660	46.55343	6.87337
1661	46.54496	6.33237
1662	46.54581	6.42362
1663	46.54586	6.43014
1664	46.54604	6.44969
1665	46.54615	6.46273
1666	46.54631	6.48229
1667	46.54637	6.4888
1668	46.54642	6.49532
1669	46.54658	6.51488
1670	46.54684	6.54747
1671	46.54689	6.55399
1672	46.54695	6.56051
1673	46.547	6.56703
1674	46.54705	6.57355
1675	46.54709	6.58006
1676	46.54714	6.58658
1677	46.54719	6.5931
1678	46.54724	6.59962
1679	46.54729	6.60614
1680	46.54743	6.6257
1681	46.54748	6.63221
1682	46.54752	6.63873
1683	46.54757	6.64525
1684	46.54766	6.65829
1685	46.5477	6.66481
1686	46.54775	6.67133
1687	46.54779	6.67785
1688	46.54788	6.69088
1689	46.54792	6.6974
1690	46.54796	6.70392
1691	46.548	6.71044
1692	46.54813	6.73
1693	46.54821	6.74303
1694	46.54825	6.74955
1695	46.54829	6.75607
1696	46.54833	6.76259
1697	46.54855	6.8017
1698	46.54862	6.81474
1699	46.54866	6.82126
1700	46.54869	6.82778
1701	46.54873	6.8343
1702	46.54883	6.85386
1703	46.54886	6.86038
1704	46.54893	6.87341
1705	46.54046	6.33246
1706	46.54131	6.42371
1707	46.54142	6.43674
1708	46.54159	6.45629
1709	46.54165	6.46281
1710	46.54171	6.46933
1711	46.54176	6.47585
1712	46.54187	6.48888
1713	46.54209	6.51496
1714	46.54214	6.52147
1715	46.54224	6.53451
1716	46.54235	6.54755
1717	46.5424	6.55406
1718	46.54245	6.56058
1719	46.5425	6.5671
1720	46.54255	6.57362
1721	46.5426	6.58014
1722	46.54265	6.58665
1723	46.54269	6.59317
1724	46.54274	6.59969
1725	46.54279	6.60621
1726	46.54284	6.61273
1727	46.54289	6.61924
1728	46.54293	6.62576
1729	46.54298	6.63228
1730	46.54302	6.6388
1731	46.54307	6.64532
1732	46.54312	6.65184
1733	46.54316	6.65835
1734	46.5432	6.66487
1735	46.54325	6.67139
1736	46.54329	6.67791
1737	46.54334	6.68443
1738	46.54346	6.70398
1739	46.54355	6.71702
1740	46.54359	6.72354
1741	46.54363	6.73005
1742	46.54367	6.73657
1743	46.54379	6.75613
1744	46.54387	6.76917
1745	46.5439	6.77568
1746	46.54413	6.81479
1747	46.5442	6.82783
1748	46.54423	6.83435
1749	46.54427	6.84087
1750	46.54433	6.8539
1751	46.54437	6.86042
1752	46.5444	6.86694
1753	46.53596	6.33255
1754	46.53602	6.33907
1755	46.53704	6.44986
1756	46.53715	6.46289
1757	46.53748	6.502
1758	46.53775	6.53458
1759	46.5378	6.5411
1760	46.53785	6.54762
1761	46.5379	6.55414
1762	46.53795	6.56065
1763	46.538	6.56717
1764	46.53805	6.57369
1765	46.5381	6.58021
1766	46.53815	6.58672
1767	46.5382	6.59324
1768	46.53825	6.59976
1769	46.53829	6.60628
1770	46.53834	6.6128
1771	46.53839	6.61931
1772	46.53843	6.62583
1773	46.53848	6.63235
1774	46.53857	6.64538
1775	46.53862	6.6519
1776	46.53866	6.65842
1777	46.53871	6.66494
1778	46.53875	6.67145
1779	46.5388	6.67797
1780	46.53884	6.68449
1781	46.53888	6.69101
1782	46.53892	6.69752
1783	46.53897	6.70404
1784	46.53901	6.71056
1785	46.53905	6.71708
1786	46.53909	6.7236
1787	46.53913	6.73011
1788	46.53917	6.73663
1789	46.53921	6.74315
1790	46.53929	6.75618
1791	46.53933	6.7627
1792	46.53937	6.76922
1793	46.53941	6.77574
1794	46.53956	6.80181
1795	46.53959	6.80833
1796	46.53963	6.81485
1797	46.53973	6.8344
1798	46.53977	6.84092
1799	46.53987	6.86047
1800	46.5399	6.86699
1801	46.53146	6.33264
1802	46.53153	6.33916
1803	46.53159	6.34567
1804	46.53171	6.35871
1805	46.53208	6.39781
1806	46.53237	6.43039
1807	46.53243	6.43691
1808	46.53249	6.44342
1809	46.5326	6.45646
1810	46.53266	6.46297
1811	46.53271	6.46949
1812	46.53277	6.47601
1813	46.53288	6.48904
1814	46.53293	6.49556
1815	46.53298	6.50208
1816	46.5332	6.52814
1817	46.53325	6.53466
1818	46.5333	6.54118
1819	46.53335	6.54769
1820	46.5334	6.55421
1821	46.53345	6.56073
1822	46.5335	6.56724
1823	46.53355	6.57376
1824	46.5336	6.58028
1825	46.53365	6.5868
1826	46.5337	6.59331
1827	46.53375	6.59983
1828	46.5338	6.60635
1829	46.53384	6.61286
1830	46.53389	6.61938
1831	46.53394	6.6259
1832	46.53398	6.63241
1833	46.53403	6.63893
1834	46.53408	6.64545
1835	46.53412	6.65197
1836	46.53417	6.65848
1837	46.53421	6.665
1838	46.5343	6.67803
1839	46.53434	6.68455
1840	46.53443	6.69759
1841	46.53447	6.7041
1842	46.53459	6.72366
1843	46.53463	6.73017
1844	46.53467	6.73669
1845	46.53471	6.74321
1846	46.53475	6.74972
1847	46.53479	6.75624
1848	46.53487	6.76928
1849	46.53498	6.78883
1850	46.53506	6.80186
1851	46.53509	6.80838
1852	46.5352	6.82793
1853	46.53524	6.83445
1854	46.53527	6.84097
1855	46.5353	6.84748
1856	46.53534	6.854
1857	46.53537	6.86052
1858	46.52722	6.3588
1859	46.52799	6.44351
1860	46.52816	6.46306
1861	46.52821	6.46957
1862	46.52827	6.47609
1863	46.52832	6.4826
1864	46.52843	6.49564
1865	46.52849	6.50215
1866	46.52859	6.51519
1867	46.52865	6.5217
1868	46.5287	6.52822
1869	46.52875	6.53473
1870	46.5288	6.54125
1871	46.52896	6.5608
1872	46.52901	6.56732
1873	46.52906	6.57383
1874	46.5291	6.58035
1875	46.52915	6.58687
1876	46.5292	6.59338
1877	46.52925	6.5999
1878	46.5293	6.60642
1879	46.52935	6.61293
1880	46.52939	6.61945
1881	46.52944	6.62597
1882	46.52949	6.63248
1883	46.52953	6.639
1884	46.52958	6.64551
1885	46.52962	6.65203
1886	46.52967	6.65855
1887	46.52984	6.68461
1888	46.52989	6.69113
1889	46.52997	6.70416
1890	46.53005	6.7172
1891	46.5301	6.72371
1892	46.53014	6.73023
1893	46.53018	6.73675
1894	46.53026	6.74978
1895	46.53034	6.76282
1896	46.53037	6.76933
1897	46.53052	6.7954
1898	46.5306	6.80843
1899	46.53063	6.81495
1900	46.53067	6.82147
1901	46.5307	6.82798
1902	46.53074	6.8345
1903	46.53081	6.84753
1904	46.53084	6.85405
1905	46.53087	6.86057
1906	46.52208	6.29373
1907	46.52215	6.30025
1908	46.52228	6.31328
1909	46.52272	6.35889
1910	46.52296	6.38495
1911	46.52302	6.39146
1912	46.5232	6.41101
1913	46.52326	6.41753
1914	46.52332	6.42404
1915	46.52338	6.43056
1916	46.52349	6.44359
1917	46.5236	6.45662
1918	46.52366	6.46314
1919	46.52372	6.46965
1920	46.52377	6.47617
1921	46.52383	6.48268
1922	46.52388	6.4892
1923	46.52394	6.49572
1924	46.52399	6.50223
1925	46.5241	6.51526
1926	46.52415	6.52178
1927	46.5242	6.52829
1928	46.52425	6.53481
1929	46.52431	6.54133
1930	46.52441	6.55436
1931	46.52446	6.56087
1932	46.52451	6.56739
1933	46.52456	6.57391
1934	46.52461	6.58042
1935	46.52466	6.58694
1936	46.5247	6.59345
1937	46.52475	6.59997
1938	46.5248	6.60648
1939	46.52485	6.613
1940	46.5249	6.61952
1941	46.52494	6.62603
1942	46.52499	6.63255
1943	46.52503	6.63906
1944	46.52508	6.64558
1945	46.52513	6.6521
1946	46.52517	6.65861
1947	46.52521	6.66513
1948	46.5253	6.67816
1949	46.52535	6.68468
1950	46.52539	6.69119
1951	46.52543	6.69771
1952	46.52547	6.70423
1953	46.52552	6.71074
1954	46.52568	6.73681
1955	46.52576	6.74984
1956	46.5258	6.75635
1957	46.52584	6.76287
1958	46.52588	6.76939
1959	46.52591	6.7759
1960	46.52606	6.80197
1961	46.52617	6.82152
1962	46.52621	6.82803
1963	46.52634	6.8541
1964	46.52638	6.86062
1965	46.52641	6.86713
1966	46.52654	6.8932
1967	46.52657	6.89971
1968	46.5266	6.90623
1969	46.51725	6.26125
1970	46.51758	6.29383
1971	46.51765	6.30034
1972	46.51841	6.37852
1973	46.51859	6.39807
1974	46.51865	6.40458
1975	46.5187	6.4111
1976	46.51876	6.41761
1977	46.51882	6.42413
1978	46.51888	6.43064
1979	46.51905	6.45019
1980	46.51911	6.4567
1981	46.51916	6.46322
1982	46.51927	6.47625
1983	46.51933	6.48276
1984	46.51938	6.48928
1985	46.51944	6.49579
1986	46.51949	6.50231
1987	46.51955	6.50882
1988	46.5196	6.51534
1989	46.51965	6.52185
1990	46.5197	6.52837
1991	46.51976	6.53488
1992	46.51981	6.5414
1993	46.51986	6.54792
1994	46.51991	6.55443
1995	46.51996	6.56095
1996	46.52001	6.56746
1997	46.52006	6.57398
1998	46.52016	6.58701
1999	46.52021	6.59352
2000	46.52026	6.60004
2001	46.5203	6.60655
2002	46.52035	6.61307
2003	46.5204	6.61958
2004	46.52044	6.6261
2005	46.52049	6.63262
2006	46.52054	6.63913
2007	46.52058	6.64565
2008	46.52063	6.65216
2009	46.52067	6.65868
2010	46.52072	6.66519
2011	46.52076	6.67171
2012	46.5208	6.67822
2013	46.52085	6.68474
2014	46.52089	6.69126
2015	46.52093	6.69777
2016	46.52098	6.70429
2017	46.52106	6.71732
2018	46.5211	6.72383
2019	46.52118	6.73686
2020	46.52122	6.74338
2021	46.52126	6.7499
2022	46.52138	6.76944
2023	46.52142	6.77596
2024	46.52145	6.78247
2025	46.52149	6.78899
2026	46.52153	6.79551
2027	46.52171	6.82808
2028	46.52185	6.85415
2029	46.52191	6.86718
2030	46.52201	6.88673
2031	46.52204	6.89324
2032	46.52207	6.89976
2033	46.5221	6.90627
2034	46.52213	6.91279
2035	46.51269	6.25484
2036	46.51275	6.26135
2037	46.51282	6.26787
2038	46.51289	6.27438
2039	46.51302	6.28741
2040	46.51322	6.30695
2041	46.51328	6.31347
2042	46.51341	6.32649
2043	46.51347	6.33301
2044	46.51391	6.37861
2045	46.51397	6.38512
2046	46.51415	6.40467
2047	46.51438	6.43073
2048	46.51455	6.45027
2049	46.51461	6.45678
2050	46.51483	6.48284
2051	46.51489	6.48936
2052	46.51494	6.49587
2053	46.51499	6.50239
2054	46.51505	6.5089
2055	46.5151	6.51542
2056	46.51515	6.52193
2057	46.51521	6.52845
2058	46.51526	6.53496
2059	46.51531	6.54147
2060	46.51536	6.54799
2061	46.51541	6.5545
2062	46.51546	6.56102
2063	46.51551	6.56753
2064	46.51556	6.57405
2065	46.51576	6.60011
2066	46.51581	6.60662
2067	46.51585	6.61314
2068	46.5159	6.61965
2069	46.51595	6.62617
2070	46.51599	6.63268
2071	46.51604	6.6392
2072	46.51608	6.64571
2073	46.51613	6.65223
2074	46.51617	6.65874
2075	46.51622	6.66526
2076	46.51626	6.67177
2077	46.51631	6.67829
2078	46.51635	6.6848
2079	46.51639	6.69132
2080	46.51644	6.69783
2081	46.51648	6.70435
2082	46.51652	6.71086
2083	46.5166	6.72389
2084	46.51664	6.73041
2085	46.51672	6.74344
2086	46.5168	6.75647
2087	46.51699	6.78904
2088	46.51721	6.82814
2089	46.51725	6.83465
2090	46.51751	6.88677
2091	46.51754	6.89329
2092	46.5176	6.90632
2093	46.51763	6.91283
2094	46.51766	6.91935
2095	46.50819	6.25494
2096	46.50826	6.26145
2097	46.50859	6.29402
2098	46.50865	6.30053
2099	46.50872	6.30705
2100	46.50878	6.31356
2101	46.50885	6.32007
2102	46.50929	6.36567
2103	46.50947	6.38521
2104	46.50953	6.39173
2105	46.50977	6.41778
2106	46.50983	6.4243
2107	46.50988	6.43081
2108	46.51006	6.45035
2109	46.51017	6.46338
2110	46.51028	6.47641
2111	46.51033	6.48292
2112	46.51039	6.48944
2113	46.51044	6.49595
2114	46.5105	6.50246
2115	46.51071	6.52852
2116	46.51076	6.53503
2117	46.51081	6.54155
2118	46.51086	6.54806
2119	46.51091	6.55458
2120	46.51097	6.56109
2121	46.51102	6.56761
2122	46.51131	6.60669
2123	46.51136	6.61321
2124	46.5114	6.61972
2125	46.51145	6.62624
2126	46.5115	6.63275
2127	46.51154	6.63926
2128	46.51159	6.64578
2129	46.51163	6.65229
2130	46.51168	6.65881
2131	46.51172	6.66532
2132	46.51177	6.67184
2133	46.51181	6.67835
2134	46.51185	6.68486
2135	46.5119	6.69138
2136	46.51194	6.69789
2137	46.51198	6.70441
2138	46.51202	6.71092
2139	46.51206	6.71744
2140	46.51211	6.72395
2141	46.51215	6.73047
2142	46.51231	6.75652
2143	46.51238	6.76955
2144	46.51246	6.78258
2145	46.5125	6.7891
2146	46.51253	6.79561
2147	46.51278	6.84122
2148	46.51301	6.88682
2149	46.51314	6.91288
2150	46.50389	6.27457
2151	46.50473	6.35925
2152	46.50485	6.37227
2153	46.50497	6.3853
2154	46.50509	6.39833
2155	46.50515	6.40484
2156	46.50521	6.41135
2157	46.50533	6.42438
2158	46.50556	6.45043
2159	46.50562	6.45695
2160	46.50567	6.46346
2161	46.50573	6.46997
2162	46.50578	6.47649
2163	46.50584	6.483
2164	46.50589	6.48951
2165	46.50595	6.49603
2166	46.50626	6.53511
2167	46.50642	6.55465
2168	46.5069	6.61979
2169	46.50695	6.6263
2170	46.507	6.63282
2171	46.50704	6.63933
2172	46.50709	6.64584
2173	46.50713	6.65236
2174	46.50718	6.65887
2175	46.50722	6.66539
2176	46.50727	6.6719
2177	46.50731	6.67841
2178	46.50736	6.68493
2179	46.5074	6.69144
2180	46.50744	6.69796
2181	46.50748	6.70447
2182	46.50753	6.71098
2183	46.50757	6.7175
2184	46.50765	6.73053
2185	46.50789	6.76961
2186	46.50792	6.77612
2187	46.50818	6.82172
2188	46.50822	6.82824
2189	46.50852	6.88686
2190	46.50855	6.89338
2191	46.49919	6.25513
2192	46.49973	6.30723
2193	46.49985	6.32026
2194	46.50023	6.35934
2195	46.50029	6.36585
2196	46.50048	6.38539
2197	46.50054	6.3919
2198	46.5006	6.39841
2199	46.50066	6.40492
2200	46.50071	6.41144
2201	46.501	6.444
2202	46.50106	6.45052
2203	46.50117	6.46354
2204	46.50123	6.47005
2205	46.50128	6.47657
2206	46.50134	6.48308
2207	46.50277	6.67196
2208	46.50281	6.67848
2209	46.50286	6.68499
2210	46.5029	6.6915
2211	46.50294	6.69802
2212	46.50299	6.70453
2213	46.50303	6.71104
2214	46.50307	6.71756
2215	46.50311	6.72407
2216	46.50315	6.73058
2217	46.50319	6.7371
2218	46.50331	6.75664
2219	46.50335	6.76315
2220	46.50343	6.77618
2221	46.50346	6.78269
2222	46.50382	6.84783
2223	46.50385	6.85434
2224	46.50395	6.87388
2225	46.50399	6.8804
2226	46.50402	6.88691
2227	46.50411	6.90645
2228	46.4947	6.25523
2229	46.49476	6.26174
2230	46.49497	6.28128
2231	46.49516	6.30082
2232	46.49523	6.30733
2233	46.49529	6.31384
2234	46.49573	6.35942
2235	46.49592	6.37896
2236	46.49598	6.38547
2237	46.49604	6.39199
2238	46.4961	6.3985
2239	46.49616	6.40501
2240	46.49645	6.43757
2241	46.49673	6.47013
2242	46.49679	6.47665
2243	46.49684	6.48316
2244	46.4984	6.69157
2245	46.49845	6.69808
2246	46.49849	6.70459
2247	46.49853	6.7111
2248	46.49857	6.71762
2249	46.49861	6.72413
2250	46.49865	6.73064
2251	46.49869	6.73716
2252	46.49873	6.74367
2253	46.49877	6.75018
2254	46.49881	6.75669
2255	46.49889	6.76972
2256	46.49893	6.77623
2257	46.49897	6.78275
2258	46.499	6.78926
2259	46.49915	6.81531
2260	46.49922	6.82834
2261	46.49932	6.84788
2262	46.49936	6.85439
2263	46.49942	6.86742
2264	46.49946	6.87393
2265	46.49949	6.88044
2266	46.49958	6.89998
2267	46.50059	7.19308
2268	46.48999	6.2358
2269	46.49006	6.24231
2270	46.49013	6.24882
2271	46.4902	6.25533
2272	46.49047	6.28138
2273	46.49073	6.30742
2274	46.4908	6.31393
2275	46.49086	6.32044
2276	46.49092	6.32696
2277	46.49105	6.33998
2278	46.49118	6.353
2279	46.49124	6.35951
2280	46.4913	6.36603
2281	46.49142	6.37905
2282	46.49148	6.38556
2283	46.49154	6.39207
2284	46.4916	6.39858
2285	46.49178	6.41812
2286	46.49207	6.45068
2287	46.49218	6.4637
2288	46.49399	6.70465
2289	46.49403	6.71116
2290	46.49407	6.71768
2291	46.49412	6.72419
2292	46.49416	6.7307
2293	46.4942	6.73721
2294	46.49428	6.75024
2295	46.49432	6.75675
2296	46.49435	6.76326
2297	46.49439	6.76978
2298	46.49443	6.77629
2299	46.49462	6.80885
2300	46.49486	6.85444
2301	46.49489	6.86095
2302	46.49493	6.86746
2303	46.49496	6.87398
2304	46.49502	6.887
2305	46.49505	6.89351
2306	46.49617	7.23218
2307	46.4962	7.2452
2308	46.49621	7.25172
2309	46.48557	6.24241
2310	46.48617	6.301
2311	46.48623	6.30752
2312	46.48668	6.35309
2313	46.4868	6.36612
2314	46.48704	6.39216
2315	46.4871	6.39867
2316	46.48716	6.40518
2317	46.48728	6.4182
2318	46.48734	6.42472
2319	46.48751	6.44425
2320	46.48757	6.45076
2321	46.48763	6.45727
2322	46.48768	6.46378
2323	46.48953	6.71122
2324	46.48958	6.71774
2325	46.48962	6.72425
2326	46.48966	6.73076
2327	46.4897	6.73727
2328	46.48974	6.74378
2329	46.48978	6.7503
2330	46.48982	6.75681
2331	46.48986	6.76332
2332	46.48989	6.76983
2333	46.48993	6.77634
2334	46.48997	6.78286
2335	46.49005	6.79588
2336	46.49008	6.80239
2337	46.49029	6.84146
2338	46.49036	6.85449
2339	46.49043	6.86751
2340	46.49046	6.87402
2341	46.49049	6.88054
2342	46.49052	6.88705
2343	46.4912	7.04985
2344	46.49149	7.14753
2345	46.49157	7.1801
2346	46.49161	7.19963
2347	46.49163	7.20615
2348	46.49164	7.21266
2349	46.49165	7.21917
2350	46.48093	6.22948
2351	46.481	6.23599
2352	46.48174	6.30761
2353	46.48199	6.33365
2354	46.48206	6.34016
2355	46.48212	6.34667
2356	46.48218	6.35318
2357	46.48224	6.35969
2358	46.4823	6.3662
2359	46.48237	6.37271
2360	46.48261	6.39876
2361	46.48273	6.41178
2362	46.48278	6.41829
2363	46.48301	6.44433
2364	46.48307	6.45084
2365	46.48313	6.45735
2366	46.48512	6.72431
2367	46.48528	6.75035
2368	46.48532	6.75686
2369	46.4854	6.76989
2370	46.48544	6.7764
2371	46.48551	6.78942
2372	46.48555	6.79593
2373	46.48558	6.80244
2374	46.48566	6.81547
2375	46.48576	6.835
2376	46.4858	6.84151
2377	46.48583	6.84802
2378	46.48586	6.85454
2379	46.4859	6.86105
2380	46.48593	6.86756
2381	46.48599	6.88058
2382	46.48603	6.88709
2383	46.48606	6.8936
2384	46.48668	7.04337
2385	46.48696	7.13454
2386	46.48699	7.14756
2387	46.48707	7.18012
2388	46.48709	7.18663
2389	46.4871	7.19314
2390	46.48711	7.19965
2391	46.48713	7.20617
2392	46.48714	7.21268
2393	46.48719	7.23872
2394	46.4872	7.24524
2395	46.47643	6.22958
2396	46.4765	6.23609
2397	46.47657	6.2426
2398	46.47717	6.30119
2399	46.4773	6.31421
2400	46.47737	6.32072
2401	46.47743	6.32723
2402	46.47762	6.34676
2403	46.47768	6.35327
2404	46.47775	6.35978
2405	46.47781	6.36629
2406	46.47787	6.3728
2407	46.47793	6.37931
2408	46.47805	6.39233
2409	46.47817	6.40535
2410	46.47823	6.41186
2411	46.47834	6.42488
2412	46.4784	6.43139
2413	46.47846	6.4379
2414	46.47852	6.44441
2415	46.47857	6.45093
2416	46.47863	6.45744
2417	46.48086	6.76343
2418	46.4809	6.76994
2419	46.48094	6.77645
2420	46.48098	6.78296
2421	46.48101	6.78948
2422	46.48105	6.79599
2423	46.48116	6.81552
2424	46.48119	6.82203
2425	46.48123	6.82854
2426	46.48126	6.83505
2427	46.4813	6.84156
2428	46.48133	6.84807
2429	46.48137	6.85458
2430	46.4814	6.8611
2431	46.48143	6.86761
2432	46.4815	6.88063
2433	46.48153	6.88714
2434	46.48156	6.89365
2435	46.48165	6.91318
2436	46.48168	6.91969
2437	46.48171	6.9262
2438	46.48216	7.03689
2439	46.48248	7.14107
2440	46.48249	7.14758
2441	46.48257	7.18014
2442	46.48259	7.18665
2443	46.4718	6.21667
2444	46.47187	6.22318
2445	46.47194	6.22969
2446	46.47201	6.23619
2447	46.47207	6.2427
2448	46.47281	6.31431
2449	46.47287	6.32082
2450	46.47293	6.32733
2451	46.473	6.33383
2452	46.47306	6.34034
2453	46.47337	6.37289
2454	46.47343	6.3794
2455	46.47355	6.39242
2456	46.47361	6.39893
2457	46.47367	6.40544
2458	46.47373	6.41195
2459	46.47379	6.41846
2460	46.47385	6.42497
2461	46.47391	6.43148
2462	46.47396	6.43799
2463	46.47402	6.4445
2464	46.47644	6.77651
2465	46.47648	6.78302
2466	46.47652	6.78953
2467	46.47655	6.79604
2468	46.47659	6.80255
2469	46.47663	6.80906
2470	46.47666	6.81557
2471	46.4767	6.82208
2472	46.47673	6.82859
2473	46.47677	6.8351
2474	46.4768	6.84161
2475	46.47683	6.84812
2476	46.47687	6.85463
2477	46.4769	6.86114
2478	46.47693	6.86765
2479	46.47697	6.87416
2480	46.477	6.88067
2481	46.47703	6.88718
2482	46.47706	6.8937
2483	46.47709	6.90021
2484	46.47715	6.91323
2485	46.47718	6.91974
2486	46.47721	6.92625
2487	46.47785	7.09552
2488	46.47795	7.12808
2489	46.47796	7.13459
2490	46.47798	7.1411
2491	46.478	7.14761
2492	46.47801	7.15412
2493	46.47805	7.16714
2494	46.47806	7.17365
2495	46.46567	6.07358
2496	46.46575	6.08009
2497	46.46737	6.22328
2498	46.46744	6.22979
2499	46.46751	6.23629
2500	46.46771	6.25582
2501	46.46785	6.26884
2502	46.46798	6.28186
2503	46.46818	6.30138
2504	46.46824	6.30789
2505	46.46831	6.3144
2506	46.46837	6.32091
2507	46.46844	6.32742
2508	46.4685	6.33393
2509	46.46856	6.34044
2510	46.46869	6.35345
2511	46.46875	6.35996
2512	46.46881	6.36647
2513	46.46905	6.39251
2514	46.46917	6.40553
2515	46.46923	6.41203
2516	46.46929	6.41854
2517	46.46935	6.42505
2518	46.46941	6.43156
2519	46.47198	6.78307
2520	46.47205	6.79609
2521	46.47213	6.80911
2522	46.47216	6.81562
2523	46.4722	6.82213
2524	46.47223	6.82864
2525	46.47227	6.83515
2526	46.4723	6.84166
2527	46.47234	6.84817
2528	46.47237	6.85468
2529	46.4724	6.86119
2530	46.47244	6.8677
2531	46.47247	6.87421
2532	46.4725	6.88072
2533	46.47253	6.88723
2534	46.47257	6.89374
2535	46.4726	6.90025
2536	46.47266	6.91327
2537	46.47272	6.92629
2538	46.47275	6.9328
2539	46.47321	7.04998
2540	46.47333	7.08904
2541	46.47343	7.12159
2542	46.47345	7.1281
2543	46.47346	7.13461
2544	46.47348	7.14112
2545	46.4735	7.14763
2546	46.47352	7.15414
2547	46.47353	7.16065
2548	46.47355	7.16716
2549	46.46117	6.0737
2550	46.46266	6.20385
2551	46.46273	6.21036
2552	46.46294	6.22989
2553	46.46301	6.23639
2554	46.46335	6.26893
2555	46.46368	6.30148
2556	46.46375	6.30798
2557	46.46381	6.31449
2558	46.46388	6.321
2559	46.464	6.33402
2560	46.46407	6.34053
2561	46.46413	6.34703
2562	46.46419	6.35354
2563	46.46425	6.36005
2564	46.46431	6.36656
2565	46.46438	6.37307
2566	46.4645	6.38609
2567	46.46456	6.39259
2568	46.46474	6.41212
2569	46.4677	6.82218
2570	46.46774	6.82869
2571	46.46777	6.8352
2572	46.46781	6.84171
2573	46.46784	6.84822
2574	46.46787	6.85473
2575	46.46791	6.86124
2576	46.46794	6.86775
2577	46.46797	6.87426
2578	46.468	6.88077
2579	46.46804	6.88728
2580	46.46807	6.89379
2581	46.4681	6.90029
2582	46.46816	6.91331
2583	46.46819	6.91982
2584	46.46825	6.93284
2585	46.46831	6.94586
2586	46.46871	7.05001
2587	46.46882	7.08256
2588	46.46884	7.08907
2589	46.46891	7.11511
2590	46.46893	7.12162
2591	46.46895	7.12813
2592	46.46897	7.13464
2593	46.46903	7.16067
2594	46.46905	7.16718
2595	46.45802	6.19094
2596	46.45809	6.19745
2597	46.45816	6.20396
2598	46.45824	6.21046
2599	46.45831	6.21697
2600	46.45912	6.29506
2601	46.45918	6.30157
2602	46.45938	6.32109
2603	46.45944	6.3276
2604	46.45951	6.33411
2605	46.45957	6.34062
2606	46.45963	6.34713
2607	46.46006	6.39268
2608	46.46012	6.39919
2609	46.46327	6.83525
2610	46.46331	6.84176
2611	46.46334	6.84827
2612	46.46338	6.85478
2613	46.46341	6.86129
2614	46.46344	6.8678
2615	46.46347	6.8743
2616	46.46351	6.88081
2617	46.46354	6.88732
2618	46.46357	6.89383
2619	46.4636	6.90034
2620	46.46363	6.90685
2621	46.46375	6.93288
2622	46.46378	6.93939
2623	46.46381	6.9459
2624	46.46432	7.08259
2625	46.46438	7.10212
2626	46.4644	7.10863
2627	46.46442	7.11513
2628	46.46443	7.12164
2629	46.46445	7.12815
2630	46.46447	7.13466
2631	46.46449	7.14117
2632	46.45272	6.11947
2633	46.45279	6.12598
2634	46.45316	6.15851
2635	46.45324	6.16502
2636	46.45331	6.17152
2637	46.45367	6.20406
2638	46.45374	6.21057
2639	46.45381	6.21707
2640	46.45402	6.23659
2641	46.45449	6.28214
2642	46.45456	6.28865
2643	46.45462	6.29516
2644	46.45469	6.30166
2645	46.45475	6.30817
2646	46.45488	6.32119
2647	46.45494	6.32769
2648	46.45501	6.3342
2649	46.45878	6.8353
2650	46.45881	6.84181
2651	46.45884	6.84832
2652	46.45888	6.85483
2653	46.45891	6.86133
2654	46.45894	6.86784
2655	46.45898	6.87435
2656	46.45901	6.88086
2657	46.45904	6.88737
2658	46.45907	6.89388
2659	46.4591	6.90038
2660	46.45913	6.90689
2661	46.45919	6.91991
2662	46.45922	6.92642
2663	46.45925	6.93293
2664	46.45928	6.93943
2665	46.45978	7.0696
2666	46.4598	7.07611
2667	46.45988	7.10214
2668	46.4599	7.10865
2669	46.45992	7.11516
2670	46.45994	7.12167
2671	46.45999	7.1412
2672	46.46002	7.15421
2673	46.44822	6.11958
2674	46.44829	6.12608
2675	46.44837	6.13259
2676	46.44844	6.1391
2677	46.44852	6.1456
2678	46.44859	6.15211
2679	46.44867	6.15862
2680	46.44874	6.16512
2681	46.44881	6.17163
2682	46.44896	6.18464
2683	46.44924	6.21067
2684	46.44931	6.21717
2685	46.44993	6.27573
2686	46.44999	6.28224
2687	46.45006	6.28875
2688	46.45038	6.32128
2689	46.45045	6.32779
2690	46.45051	6.33429
2691	46.45438	6.85487
2692	46.45441	6.86138
2693	46.45445	6.86789
2694	46.45448	6.8744
2695	46.45451	6.88091
2696	46.45454	6.88741
2697	46.45457	6.89392
2698	46.45461	6.90043
2699	46.45464	6.90694
2700	46.4547	6.91995
2701	46.45478	6.93948
2702	46.45481	6.94598
2703	46.45536	7.09566
2704	46.45538	7.10217
2705	46.45542	7.11519
2706	46.4557	7.23884
2707	46.44387	6.1327
2708	46.44417	6.15872
2709	46.44424	6.16523
2710	46.44481	6.21727
2711	46.44488	6.22378
2712	46.44495	6.23029
2713	46.44502	6.23679
2714	46.44509	6.2433
2715	46.44516	6.2498
2716	46.44529	6.26282
2717	46.44536	6.26932
2718	46.44543	6.27583
2719	46.4455	6.28233
2720	46.44563	6.29535
2721	46.44576	6.30836
2722	46.44589	6.32137
2723	46.44988	6.85492
2724	46.44992	6.86143
2725	46.44995	6.86794
2726	46.44998	6.87444
2727	46.45001	6.88095
2728	46.45005	6.88746
2729	46.45008	6.89397
2730	46.45011	6.90047
2731	46.45014	6.90698
2732	46.45017	6.91349
2733	46.45029	6.93952
2734	46.45031	6.94602
2735	46.45088	7.1022
2736	46.4396	6.15232
2737	46.43967	6.15883
2738	46.4401	6.19786
2739	46.44018	6.20437
2740	46.44025	6.21087
2741	46.44032	6.21738
2742	46.44039	6.22388
2743	46.44059	6.2434
2744	46.44066	6.2499
2745	46.44073	6.25641
2746	46.44086	6.26942
2747	46.44093	6.27593
2748	46.441	6.28243
2749	46.44126	6.30845
2750	46.44548	6.87449
2751	46.44552	6.881
2752	46.44555	6.8875
2753	46.44558	6.89401
2754	46.44561	6.90052
2755	46.44564	6.90702
2756	46.44567	6.91353
2757	46.44579	6.93956
2758	46.4351	6.15243
2759	46.43554	6.19146
2760	46.43561	6.19796
2761	46.43568	6.20447
2762	46.43575	6.21097
2763	46.43582	6.21748
2764	46.4361	6.2435
2765	46.43623	6.25651
2766	46.43657	6.28903
2767	46.4367	6.30204
2768	46.44102	6.88104
2769	46.44105	6.88755
2770	46.44108	6.89406
2771	46.44111	6.90056
2772	46.44114	6.90707
2773	46.44117	6.91357
2774	46.4412	6.92008
2775	46.44123	6.92659
2776	46.43104	6.19156
2777	46.43111	6.19807
2778	46.43118	6.20457
2779	46.43125	6.21107
2780	46.43132	6.21758
2781	46.43139	6.22408
2782	46.4316	6.2436
2783	46.43167	6.2501
2784	46.43187	6.26961
2785	46.43213	6.29563
2786	46.4322	6.30214
2787	46.43227	6.30864
2788	46.43665	6.90711
2789	46.43668	6.91362
2790	46.43671	6.92012
2791	46.43673	6.92663
2792	46.43676	6.93314
2793	46.43682	6.94615
2794	46.43688	6.95916
2795	46.43745	7.1218
2796	46.42654	6.19166
2797	46.42661	6.19817
2798	46.42668	6.20467
2799	46.42682	6.21768
2800	46.42696	6.23069
2801	46.4271	6.2437
2802	46.42717	6.2502
2803	46.42724	6.2567
2804	46.42731	6.26321
2805	46.42737	6.26971
2806	46.42744	6.27621
2807	46.42757	6.28922
2808	46.42764	6.29573
2809	46.4277	6.30223
2810	46.43215	6.90716
2811	46.43218	6.91366
2812	46.43221	6.92017
2813	46.43224	6.92667
2814	46.43227	6.93318
2815	46.43229	6.93968
2816	46.43232	6.94619
2817	46.43246	6.97871
2818	46.43297	7.12833
2819	46.42204	6.19177
2820	46.42212	6.19827
2821	46.4224	6.22428
2822	46.42247	6.23079
2823	46.42254	6.23729
2824	46.42267	6.2503
2825	46.42274	6.2568
2826	46.42281	6.2633
2827	46.42288	6.26981
2828	46.42294	6.27631
2829	46.42307	6.28932
2830	46.42314	6.29582
2831	46.42768	6.91371
2832	46.42771	6.92021
2833	46.42774	6.92671
2834	46.42849	7.13486
2835	46.41762	6.19837
2836	46.41769	6.20488
2837	46.41776	6.21138
2838	46.41818	6.2504
2839	46.41824	6.2569
2840	46.41831	6.2634
2841	46.41838	6.2699
2842	46.41844	6.27641
2843	46.41851	6.28291
2844	46.41858	6.28941
2845	46.42324	6.92676
2846	46.42327	6.93326
2847	46.42399	7.13489
2848	46.42401	7.14139
2849	46.42402	7.1479
2850	46.41269	6.15946
2851	46.41276	6.16597
2852	46.41283	6.17247
2853	46.41291	6.17897
2854	46.41298	6.18547
2855	46.41305	6.19197
2856	46.41312	6.19848
2857	46.41319	6.20498
2858	46.41326	6.21148
2859	46.41333	6.21798
2860	46.4134	6.22449
2861	46.41347	6.23099
2862	46.41354	6.23749
2863	46.41375	6.257
2864	46.41381	6.2635
2865	46.41388	6.27
2866	46.41395	6.2765
2867	46.41408	6.28951
2868	46.41874	6.9268
2869	46.41877	6.9333
2870	46.4194	7.1024
2871	46.41959	7.17394
2872	46.40812	6.15307
2873	46.40819	6.15957
2874	46.40841	6.17908
2875	46.40869	6.20508
2876	46.40897	6.23109
2877	46.40904	6.23759
2878	46.40918	6.25059
2879	46.40925	6.25709
2880	46.41425	6.92684
2881	46.40355	6.14667
2882	46.40362	6.15318
2883	46.40384	6.17268
2884	46.40391	6.17918
2885	46.40398	6.18568
2886	46.40413	6.19868
2887	46.40427	6.21168
2888	46.40978	6.93339
2889	46.39934	6.17278
2890	46.39941	6.17928
2891	46.39956	6.19228
2892	46.3997	6.20529
2893	46.39977	6.21179
2894	46.39984	6.21829
2895	46.39998	6.23129
2896	46.40012	6.24429
2897	46.40019	6.25079
2898	46.40528	6.93343
2899	46.40534	6.94643
2900	46.39485	6.17289
2901	46.39506	6.19239
2902	46.39527	6.21189
2903	46.39534	6.21839
2904	46.39541	6.22489
2905	46.39548	6.23139
2906	46.39555	6.23789
2907	46.39562	6.24439
2908	46.39569	6.25089
2909	46.39576	6.25739
2910	46.40075	6.92697
2911	46.40078	6.93347
2912	46.40081	6.93997
2913	46.40084	6.94647
2914	46.3902	6.15999
2915	46.39056	6.19249
2916	46.39064	6.19899
2917	46.39071	6.20549
2918	46.39078	6.21199
2919	46.39092	6.22499
2920	46.39099	6.23149
2921	46.39105	6.23799
2922	46.39112	6.24449
2923	46.39119	6.25099
2924	46.39126	6.25749
2925	46.39133	6.26399
2926	46.39623	6.92051
2927	46.39626	6.92701
2928	46.39628	6.93351
2929	46.39689	7.09603
2930	46.39691	7.10253
2931	46.39693	7.10904
2932	46.38548	6.1406
2933	46.38556	6.1471
2934	46.38563	6.1536
2935	46.38585	6.1731
2936	46.386	6.1861
2937	46.38621	6.20559
2938	46.38635	6.21859
2939	46.38642	6.22509
2940	46.38649	6.23159
2941	46.38656	6.23809
2942	46.38663	6.24459
2943	46.39145	6.86205
2944	46.39161	6.89455
2945	46.39173	6.92055
2946	46.39176	6.92705
2947	46.39179	6.93355
2948	46.39239	7.09606
2949	46.39241	7.10256
2950	46.38106	6.14721
2951	46.38113	6.15371
2952	46.38135	6.1732
2953	46.38143	6.1797
2954	46.38171	6.20569
2955	46.38178	6.21219
2956	46.38185	6.21869
2957	46.38192	6.22519
2958	46.38199	6.23169
2959	46.38206	6.23819
2960	46.38213	6.24468
2961	46.38695	6.8621
2962	46.38723	6.9206
2963	46.38726	6.9271
2964	46.38729	6.9336
2965	46.3879	7.09609
2966	46.37656	6.14732
2967	46.37671	6.16031
2968	46.37678	6.16681
2969	46.37686	6.17331
2970	46.37693	6.17981
2971	46.377	6.1863
2972	46.37721	6.2058
2973	46.37728	6.21229
2974	46.37742	6.22529
2975	46.37749	6.23179
2976	46.37756	6.23829
2977	46.38242	6.85565
2978	46.38245	6.86215
2979	46.38248	6.86865
2980	46.38261	6.89464
2981	46.38264	6.90114
2982	46.38267	6.90764
2983	46.3827	6.91414
2984	46.38273	6.92064
2985	46.38276	6.92714
2986	46.38279	6.93364
2987	46.37229	6.16692
2988	46.37243	6.17991
2989	46.37257	6.1929
2990	46.37272	6.2059
2991	46.37293	6.22539
2992	46.373	6.23189
2993	46.37795	6.8622
2994	46.37799	6.86869
2995	46.37814	6.90119
2996	46.37823	6.92068
2997	46.37886	7.08315
2998	46.36779	6.16702
2999	46.36786	6.17352
3000	46.36829	6.2125
3001	46.36843	6.22549
3002	46.37374	6.92073
3003	46.37428	7.05719
3004	46.37432	7.07018
3005	46.37434	7.07668
3006	46.36344	6.18012
3007	46.36372	6.2061
3008	46.36379	6.2126
3009	46.36386	6.2191
3010	46.36905	6.88178
3011	46.36978	7.05722
3012	46.35915	6.19971
3013	46.35923	6.2062
3014	46.3593	6.2127
3015	46.35937	6.2192
3016	46.36452	6.87533
3017	46.36456	6.88183
3018	46.36465	6.90132
3019	46.36474	6.92081
3020	46.36477	6.92731
3021	46.36528	7.05725
3022	46.36533	7.07024
3023	46.36537	7.08324
3024	46.36539	7.08974
3025	46.36541	7.09623
3026	46.3543	6.16734
3027	46.35444	6.18033
3028	46.35451	6.18682
3029	46.35466	6.19981
3030	46.35473	6.20631
3031	46.35999	6.86888
3032	46.36003	6.87538
3033	46.36024	6.92085
3034	46.36027	6.92735
3035	46.3603	6.93385
3036	46.36076	7.05078
3037	46.36079	7.05728
3038	46.36104	7.14174
3039	46.3498	6.16744
3040	46.34987	6.17394
3041	46.34995	6.18043
3042	46.35009	6.19342
3043	46.35016	6.19991
3044	46.35023	6.20641
3045	46.35559	6.88842
3046	46.35562	6.89491
3047	46.35566	6.90141
3048	46.35578	6.92739
3049	46.35581	6.93389
3050	46.35617	7.02483
3051	46.35622	7.03782
3052	46.35624	7.04432
3053	46.35629	7.05731
3054	46.35633	7.0703
3055	46.35643	7.10279
3056	46.35645	7.10928
3057	46.35651	7.12877
3058	46.35652	7.13527
3059	46.35654	7.14176
3060	46.35657	7.15475
3061	46.34516	6.15456
3062	46.34523	6.16105
3063	46.3453	6.16755
3064	46.34566	6.20002
3065	46.34573	6.20651
3066	46.35113	6.89496
3067	46.35116	6.90145
3068	46.35131	6.93393
3069	46.35139	6.95342
3070	46.35142	6.95991
3071	46.35145	6.96641
3072	46.35165	7.01837
3073	46.35168	7.02487
3074	46.3517	7.03136
3075	46.35172	7.03786
3076	46.35179	7.05734
3077	46.35183	7.07034
3078	46.35191	7.09632
3079	46.35195	7.10931
3080	46.35201	7.1288
3081	46.35206	7.14828
3082	46.35208	7.15478
3083	46.35209	7.16127
3084	46.35211	7.16777
3085	46.34073	6.16116
3086	46.34088	6.17415
3087	46.34102	6.18713
3088	46.34117	6.20012
3089	46.34124	6.20661
3090	46.3466	6.88851
3091	46.34663	6.895
3092	46.34672	6.91449
3093	46.34681	6.93397
3094	46.34684	6.94047
3095	46.34692	6.95995
3096	46.34698	6.97294
3097	46.34713	7.01191
3098	46.34715	7.01841
3099	46.34718	7.0249
3100	46.3472	7.0314
3101	46.34722	7.03789
3102	46.34725	7.04439
3103	46.34733	7.07037
3104	46.34736	7.07686
3105	46.34753	7.13532
3106	46.34758	7.1548
3107	46.34759	7.1613
3108	46.34761	7.16779
3109	46.34762	7.17429
3110	46.33609	6.14828
3111	46.33624	6.16126
3112	46.33631	6.16776
3113	46.33638	6.17425
3114	46.33645	6.18074
3115	46.33653	6.18724
3116	46.3366	6.19373
3117	46.33667	6.20022
3118	46.3421	6.88855
3119	46.34231	6.93401
3120	46.34234	6.94051
3121	46.34242	6.95999
3122	46.34258	6.99896
3123	46.34261	7.00545
3124	46.34263	7.01195
3125	46.34266	7.01844
3126	46.34273	7.03792
3127	46.34308	7.15482
3128	46.3431	7.16132
3129	46.33167	6.15488
3130	46.33181	6.16786
3131	46.33188	6.17435
3132	46.33196	6.18085
3133	46.33203	6.18734
3134	46.3321	6.19383
3135	46.33217	6.20032
3136	46.33757	6.88211
3137	46.3376	6.8886
3138	46.33763	6.89509
3139	46.33773	6.91457
3140	46.33784	6.94055
3141	46.33808	6.99899
3142	46.33811	7.00549
3143	46.33813	7.01198
3144	46.33823	7.03796
3145	46.32739	6.17446
3146	46.32746	6.18095
3147	46.32753	6.18744
3148	46.3276	6.19393
3149	46.32767	6.20043
3150	46.3331	6.88864
3151	46.33314	6.89514
3152	46.3332	6.90812
3153	46.33332	6.9341
3154	46.33337	6.94708
3155	46.33343	6.96007
3156	46.33346	6.96656
3157	46.33356	6.99254
3158	46.33361	7.00552
3159	46.32289	6.17456
3160	46.32296	6.18106
3161	46.32303	6.18755
3162	46.32311	6.19404
3163	46.3289	6.95362
3164	46.32893	6.96011
3165	46.32906	6.99257
3166	46.32911	7.00556
3167	46.31795	6.13572
3168	46.31832	6.16818
3169	46.31839	6.17467
3170	46.31846	6.18116
3171	46.31854	6.18765
3172	46.31861	6.19414
3173	46.32443	6.96015
3174	46.32446	6.96664
3175	46.32471	7.03156
3176	46.3133	6.12285
3177	46.31338	6.12934
3178	46.31345	6.13583
3179	46.31382	6.16828
3180	46.3139	6.17477
3181	46.31397	6.18126
3182	46.31404	6.18775
3183	46.31411	6.19424
3184	46.31988	6.94721
3185	46.31991	6.9537
3186	46.31994	6.96019
3187	46.31996	6.96668
3188	46.31999	6.97317
3189	46.32004	6.98616
3190	46.32007	6.99265
3191	46.32009	6.99914
3192	46.30911	6.14892
3193	46.30933	6.16839
3194	46.3094	6.17488
3195	46.30947	6.18137
3196	46.3153	6.92777
3197	46.31533	6.93426
3198	46.31535	6.94076
3199	46.31538	6.94725
3200	46.31541	6.95374
3201	46.31544	6.96023
3202	46.31547	6.96672
3203	46.31549	6.97321
3204	46.31552	6.9797
3205	46.31554	6.98619
3206	46.30483	6.16849
3207	46.3049	6.17498
3208	46.30497	6.18147
3209	46.3108	6.92782
3210	46.31086	6.9408
3211	46.31091	6.95378
3212	46.31094	6.96027
3213	46.31097	6.96676
3214	46.31115	7.01219
3215	46.31133	7.06412
3216	46.30018	6.15562
3217	46.30026	6.16211
3218	46.30033	6.1686
3219	46.3004	6.17509
3220	46.3063	6.92786
3221	46.30633	6.93435
3222	46.30639	6.94733
3223	46.30647	6.9668
3224	46.30652	6.97978
3225	46.30677	7.04468
3226	46.30679	7.05117
3227	46.30681	7.05766
3228	46.30683	7.06415
3229	46.29561	6.14924
3230	46.29569	6.15573
3231	46.29576	6.16221
3232	46.29583	6.1687
3233	46.30183	6.93439
3234	46.30192	6.95386
3235	46.30197	6.96684
3236	46.302	6.97333
3237	46.30203	6.97982
3238	46.30205	6.98631
3239	46.3021	6.99928
3240	46.3022	7.02524
3241	46.30222	7.03173
3242	46.30225	7.03822
3243	46.30227	7.04471
3244	46.30229	7.0512
3245	46.30231	7.05769
3246	46.29112	6.14935
3247	46.29119	6.15583
3248	46.29126	6.16232
3249	46.29134	6.16881
3250	46.29733	6.93443
3251	46.29736	6.94092
3252	46.29755	6.98634
3253	46.29758	6.99283
3254	46.29761	6.99932
3255	46.2977	7.02528
3256	46.29773	7.03177
3257	46.29775	7.03826
3258	46.29777	7.04474
3259	46.29779	7.05123
3260	46.29782	7.05772
3261	46.28677	6.16243
3262	46.28684	6.16891
3263	46.293	6.9734
3264	46.29303	6.97989
3265	46.29306	6.98638
3266	46.29308	6.99287
3267	46.29311	6.99936
3268	46.29316	7.01233
3269	46.29321	7.02531
3270	46.29323	7.0318
3271	46.2933	7.05127
3272	46.29332	7.05775
3273	46.29334	7.06424
3274	46.28834	6.93451
3275	46.28837	6.941
3276	46.2884	6.94749
3277	46.28856	6.98642
3278	46.28858	6.99291
3279	46.28861	6.99939
3280	46.28866	7.01237
3281	46.28871	7.02535
3282	46.28873	7.03183
3283	46.28882	7.05779
3284	46.28884	7.06427
3285	46.28886	7.07076
3286	46.28891	7.08374
3287	46.28893	7.09023
3288	46.28895	7.09671
3289	46.28906	7.13564
3290	46.28387	6.94104
3291	46.28409	6.99294
3292	46.28411	6.99943
3293	46.28421	7.02538
3294	46.28423	7.03187
3295	46.28437	7.07079
3296	46.28439	7.07728
3297	46.28441	7.08377
3298	46.2794	6.94757
3299	46.27951	6.97352
3300	46.27964	7.00595
3301	46.27971	7.02541
3302	46.27985	7.06434
3303	46.27987	7.07082
3304	46.27989	7.07731
3305	46.27991	7.0838
3306	46.27993	7.09028
3307	46.27493	6.9541
3308	46.27496	6.96058
3309	46.27501	6.97356
3310	46.27507	6.98653
3311	46.27514	7.00599
3312	46.27517	7.01248
3313	46.27521	7.02545
3314	46.27531	7.05139
3315	46.27533	7.05788
3316	46.27535	7.06437
3317	46.27537	7.07085
3318	46.27043	6.95414
3319	46.27046	6.96062
3320	46.27062	6.99954
3321	46.27067	7.01251
3322	46.27069	7.019
3323	46.27072	7.02548
3324	46.27076	7.03845
3325	46.27079	7.04494
3326	46.27081	7.05143
3327	46.27083	7.05791
3328	46.26594	6.95418
3329	46.26607	6.9866
3330	46.26615	7.00606
3331	46.26619	7.01903
3332	46.26622	7.02552
3333	46.26629	7.04497
3334	46.26631	7.05146
3335	46.26633	7.05794
3336	46.26147	6.9607
3337	46.26162	6.99961
3338	46.26174	7.03204
3339	46.26186	7.06446
3340	46.26188	7.07094
3341	46.25707	6.98668
3342	46.2571	6.99316
3343	46.25713	6.99965
3344	46.25722	7.02558
3345	46.25725	7.03207
3346	46.25738	7.07097
3347	46.25744	7.09043
3348	46.25746	7.09691
3349	46.25263	6.99968
3350	46.25265	7.00617
3351	46.25268	7.01265
3352	46.2527	7.01913
3353	46.25273	7.02562
3354	46.253	7.10991
3355	46.24805	6.98027
3356	46.24808	6.98675
3357	46.24813	6.99972
3358	46.24816	7.0062
3359	46.24818	7.01269
3360	46.2482	7.01917
3361	46.24823	7.02565
3362	46.24356	6.98031
3363	46.24358	6.98679
3364	46.24361	6.99327
3365	46.24363	6.99976
3366	46.24366	7.00624
3367	46.24368	7.01272
3368	46.24373	7.02569
3369	46.23906	6.98035
3370	46.23908	6.98683
3371	46.23911	6.99331
3372	46.23921	7.01924
3373	46.23923	7.02572
3374	46.23459	6.98687
3375	46.23466	7.00631
3376	46.23469	7.01279
3377	46.23471	7.01927
3378	46.23473	7.02575
3379	46.23014	6.99987
3380	46.23016	7.00635
3381	46.23019	7.01283
3382	46.23024	7.02579
3383	46.22564	6.9999
3384	46.22117	7.00642
3385	46.22119	7.0129
3386	46.22122	7.01938
3387	46.21665	6.99997
3388	46.21667	7.00645
3389	46.2167	7.01293
3390	46.21215	7.00001
3391	46.21217	7.00649
3392	46.2122	7.01297
3393	46.20765	7.00005
3394	46.20768	7.00652
3395	46.2077	7.013
3396	46.20318	7.00656
3397	46.2032	7.01304
3398	46.20323	7.01952
3399	46.19868	7.0066
3400	46.1987	7.01307
3401	46.19421	7.01311
3402	46.18976	7.0261
3403	46.18526	7.02613
3404	46.18531	7.03908
3405	46.18076	7.02616
